run_id,window_index,throughput_mean,vc_slot_n_paket,vc_slot_n_byte,vc_slot_n_slot_aktif,vc_slot_rasio_aktif,vc_slot_t_ke_pertama,vc_slot_t_stlh_terakhir,vc_slot_durasi_burst,vc_slot_tp_rata,vc_slot_tp_burst,vc_slot_reg_slope,vc_slot_reg_intercept,vc_slot_vol_mean,vc_slot_vol_var,vc_slot_vol_std,vc_slot_vol_cvar,vc_slot_vol_skew,vc_slot_vol_kurt,vc_slot_vol_min,vc_slot_vol_maks,vc_slot_pkt_mean,vc_slot_pkt_var,vc_slot_pkt_std,vc_slot_pkt_cvar,vc_slot_pkt_skew,vc_slot_pkt_kurt,vc_slot_pkt_min,vc_slot_pkt_maks,vc_trend_n_paket,vc_trend_n_byte,vc_trend_n_slot_aktif,vc_trend_rasio_aktif,vc_trend_t_ke_pertama,vc_trend_t_stlh_terakhir,vc_trend_durasi_burst,vc_trend_tp_rata,vc_trend_tp_burst,vc_trend_reg_slope,vc_trend_reg_intercept,vc_trend_vol_mean,vc_trend_vol_var,vc_trend_vol_std,vc_trend_vol_cvar,vc_trend_vol_skew,vc_trend_vol_kurt,vc_trend_vol_min,vc_trend_vol_maks,vc_trend_pkt_mean,vc_trend_pkt_var,vc_trend_pkt_std,vc_trend_pkt_cvar,vc_trend_pkt_skew,vc_trend_pkt_kurt,vc_trend_pkt_min,vc_trend_pkt_maks,vc_sesi_n_paket,vc_sesi_n_byte,vc_sesi_n_slot_aktif,vc_sesi_rasio_aktif,vc_sesi_t_ke_pertama,vc_sesi_t_stlh_terakhir,vc_sesi_durasi_burst,vc_sesi_tp_rata,vc_sesi_tp_burst,vc_sesi_reg_slope,vc_sesi_reg_intercept,vc_sesi_vol_mean,vc_sesi_vol_var,vc_sesi_vol_std,vc_sesi_vol_cvar,vc_sesi_vol_skew,vc_sesi_vol_kurt,vc_sesi_vol_min,vc_sesi_vol_maks,vc_sesi_pkt_mean,vc_sesi_pkt_var,vc_sesi_pkt_std,vc_sesi_pkt_cvar,vc_sesi_pkt_skew,vc_sesi_pkt_kurt,vc_sesi_pkt_min,vc_sesi_pkt_maks,vc_indeks_slot
CONT_s2_bola_OfForestAndMen,0,5.711035,6927.0,7517992.0,100.0,0.970874,0.104,0.069,10.327,5.727994,5.82395,747519.579499,-309284.490057,72990.213592,265058636.757853,16280.62151,0.223052,-3.418106,11.544447,0.0,87364.0,67.252427,401.190558,20.029742,0.297829,-0.982109,2.45719,0.0,106.0,6927.0,7517992.0,100.0,0.970874,0.104,0.069,10.327,5.727994,5.82395,747519.579499,-309284.490057,72990.213592,265058636.757853,16280.62151,0.223052,-3.418106,11.544447,0.0,87364.0,67.252427,401.190558,20.029742,0.297829,-0.982109,2.45719,0.0,106.0,6927.0,7517992.0,100.0,0.970874,0.104,0.069,10.327,5.727994,5.82395,747519.579499,-309284.490057,72990.213592,265058636.757853,16280.62151,0.223052,-3.418106,11.544447,0.0,87364.0,67.252427,401.190558,20.029742,0.297829,-0.982109,2.45719,0.0,106.0,0
CONT_s2_bola_OfForestAndMen,1,5.935949,7401.0,7448665.0,97.0,0.989796,0.033,0.031,9.936,5.958932,5.997315,746847.363738,121288.200941,76006.785714,120843132.93299,10992.867366,0.14463,-5.303403,30.80031,0.0,87468.0,75.520408,338.045971,18.386027,0.243458,-0.861644,2.562944,0.0,106.0,14328.0,14966657.0,197.0,0.9801,0.104,0.031,20.365,5.840647,5.879364,752768.228692,-327329.645558,74460.9801,196073710.939602,14002.632286,0.188053,-4.093129,17.354813,0.0,87468.0,71.283582,385.724179,19.639862,0.275517,-0.923203,2.454339,0.0,106.0,14328.0,14966657.0,197.0,0.9801,0.104,0.031,20.365,5.840647,5.879364,752768.228692,-327329.645558,74460.9801,196073710.939602,14002.632286,0.188053,-4.093129,17.354813,0.0,87468.0,71.283582,385.724179,19.639862,0.275517,-0.923203,2.454339,0.0,106.0,1
CONT_s2_bola_OfForestAndMen,2,3.341962,4017.0,4149103.0,56.0,0.57732,0.072,1.428,8.5,3.319282,3.905038,436068.316197,225176.280604,42774.257732,1477018873.859966,38432.003251,0.898484,-0.180747,-1.920728,0.0,89540.0,41.412371,1517.807345,38.959047,0.940759,0.072353,-1.647791,0.0,102.0,18345.0,19115760.0,253.0,0.848993,0.104,1.428,28.968,5.01397,5.279138,676108.816539,342015.74341,64146.845638,830638377.861614,28820.797662,0.449294,-1.666126,0.950776,0.0,89540.0,61.560403,946.913848,30.771965,0.499866,-0.943596,-0.035876,0.0,106.0,18345.0,19115760.0,253.0,0.848993,0.104,1.428,28.968,5.01397,5.279138,676108.816539,342015.74341,64146.845638,830638377.861614,28820.797662,0.449294,-1.666126,0.950776,0.0,89540.0,61.560403,946.913848,30.771965,0.499866,-0.943596,-0.035876,0.0,106.0,2
CONT_s2_bola_OfForestAndMen,3,3.254686,4160.0,4081827.0,54.0,0.55102,1.134,0.057,8.809,3.265462,3.706961,415654.89769,-311721.411662,41651.295918,1491017882.066169,38613.700704,0.927071,-0.127042,-1.944419,0.0,89148.0,42.44898,1651.445824,40.637985,0.957337,0.051845,-1.734695,0.0,114.0,15578.0,15679595.0,207.0,0.706485,0.033,0.057,29.91,4.181225,4.193807,482957.282926,1774663.646291,53513.976109,1276383999.893264,35726.516761,0.667611,-0.786803,-1.323188,0.0,89540.0,53.167235,1412.050704,37.577263,0.706775,-0.455569,-1.33576,0.0,114.0,22505.0,23197587.0,307.0,0.775253,0.104,0.057,40.339,4.582239,4.600528,576903.350638,1491846.865128,58579.765152,1085185378.413061,32942.152,0.562347,-1.147372,-0.587206,0.0,89540.0,56.830808,1185.720669,34.434295,0.605909,-0.682773,-0.860122,0.0,114.0,3
CONT_s2_bola_OfForestAndMen,4,4.603656,4995.0,5774472.0,85.0,0.867347,0.045,0.018,9.937,4.619578,4.648865,584476.741637,369557.204084,58923.183673,1910135494.584473,43705.096895,0.74173,4.264633,32.574734,0.0,391896.0,50.969388,1586.504208,39.830945,0.781468,3.892458,27.619611,0.0,343.0,13172.0,14005402.0,195.0,0.665529,0.072,0.018,29.91,3.734774,3.746012,458987.579787,-257514.713745,47800.006826,1678033691.239678,40963.80953,0.856983,1.704249,14.903523,0.0,391896.0,44.955631,1593.042545,39.912937,0.88783,1.322936,8.698156,0.0,343.0,27500.0,28972059.0,392.0,0.793522,0.104,0.018,50.378,4.589633,4.600748,552885.929932,1844622.071894,58647.892713,1245315684.319095,35289.030651,0.60171,0.842837,14.855566,0.0,391896.0,55.668016,1267.646155,35.604019,0.639578,0.548614,7.260124,0.0,343.0,4
CONT_s2_bola_OfForestAndMen,5,3.215252,3029.0,3995367.0,97.0,1.0,0.085,0.076,9.839,3.196294,3.248596,401462.409959,38920.502447,41189.350515,21944596.042526,4684.505955,0.113731,0.480496,1.402775,30104.0,55708.0,31.226804,14.468857,3.803795,0.121812,0.885766,0.954371,22.0,42.0,12184.0,13851666.0,236.0,0.805461,1.134,0.076,28.79,3.693778,3.849021,501086.665062,-518173.588462,47275.31058,1205503345.516222,34720.359237,0.734429,3.095486,31.251367,0.0,391896.0,41.583618,1145.826032,33.850052,0.814024,2.54345,19.791542,0.0,343.0,30529.0,32967426.0,489.0,0.827411,0.104,0.076,60.32,4.359329,4.372338,531202.051439,2245881.206601,55782.446701,1086034592.518765,32955.038955,0.590778,1.096869,16.965464,0.0,391896.0,51.656514,1143.683513,33.81839,0.654678,0.826298,7.887534,0.0,343.0,5
CONT_s2_bola_OfForestAndMen,6,3.21854,3277.0,4039334.0,98.0,1.0,0.026,0.037,9.937,3.231467,3.251955,403064.121021,37705.146191,41217.693878,26056790.52388,5104.585245,0.123845,-0.14847,-0.274953,28708.0,54156.0,33.438776,45.671471,6.758067,0.202103,1.620131,4.140758,23.0,64.0,11301.0,13809173.0,280.0,0.955631,0.045,0.037,29.918,3.682446,3.692539,431277.484652,1171934.959189,47130.283276,720534164.135233,26842.767446,0.569544,7.263829,91.259427,0.0,391896.0,38.569966,625.300739,25.006014,0.648329,6.483336,73.663032,0.0,343.0,33806.0,37006760.0,587.0,0.851959,0.104,0.037,70.359,4.199349,4.207764,509796.516034,2711343.676826,53710.827286,960930144.584953,30998.873279,0.577144,1.3107,19.200869,0.0,391896.0,49.065312,1027.764623,32.058768,0.65339,1.040169,8.880198,0.0,343.0,6
CONT_s2_bola_OfForestAndMen,7,1.71254,1860.0,2129638.0,53.0,0.546392,0.065,3.573,6.362,1.70371,2.677948,216312.849995,513407.588449,21955.030928,442128855.780283,21026.860341,0.957724,-0.053988,-1.930128,0.0,51364.0,19.175258,344.250215,18.553981,0.9676,0.014004,-1.854697,0.0,48.0,8166.0,10164339.0,248.0,0.849315,0.085,3.573,26.342,2.71049,3.086885,375870.819458,283481.497211,34809.380137,244258048.800017,15628.75711,0.448981,-1.576267,0.98658,0.0,55708.0,27.965753,172.95415,13.151203,0.470261,-1.165627,0.701047,0.0,64.0,35666.0,39136398.0,640.0,0.814249,0.104,3.573,76.823,3.889331,4.075488,488205.60809,3257063.509408,49791.854962,1005490980.396772,31709.477769,0.636841,1.158265,15.730149,0.0,391896.0,45.37659,1039.638891,32.243432,0.710574,1.030047,7.881186,0.0,343.0,7
CONT_s2_bola_OfForestAndMen,8,2.16517,2362.0,2725289.0,57.0,0.581633,1.352,0.017,8.631,2.180231,2.526047,306758.924793,-133212.54803,27809.071429,1673754906.170102,40911.549789,1.471158,6.039817,48.95459,0.0,371455.0,24.102041,1171.535872,34.227706,1.420117,5.420235,41.786918,0.0,301.0,7499.0,8894261.0,208.0,0.709898,0.026,0.017,29.957,2.371803,2.375207,279780.26593,884108.275867,30355.83959,775237676.176235,27843.090277,0.917224,5.991851,74.860183,0.0,371455.0,25.593857,552.61188,23.507698,0.91849,5.284735,62.311984,0.0,301.0,38028.0,41861687.0,697.0,0.788462,0.104,0.017,90.379,3.700481,3.705435,458777.570131,4092375.705601,47354.849548,1125450017.246874,33547.727453,0.708433,1.933191,20.628208,0.0,391896.0,43.0181,1097.614621,33.130267,0.770147,1.45631,10.245466,0.0,343.0,8
CONT_s2_bola_OfForestAndMen,9,2.676372,2745.0,3338607.0,78.0,0.804124,0.086,0.04,9.874,2.670886,2.704968,338142.484957,-227045.990477,34418.628866,310130935.339992,17610.534783,0.511657,-1.312624,0.050579,0.0,52708.0,28.298969,223.503436,14.950031,0.528289,-1.07051,-0.116033,0.0,53.0,6967.0,8193534.0,188.0,0.643836,0.065,0.04,29.895,2.184942,2.192617,241293.612994,194268.706775,28060.047945,832008621.468483,28844.559651,1.027958,5.572633,66.651501,0.0,371455.0,23.859589,591.715612,24.325205,1.019515,4.913269,55.593223,0.0,301.0,40773.0,45200294.0,775.0,0.79001,0.104,0.04,100.356,3.598033,3.603196,434124.915133,4873677.722638,46075.732926,1059359617.828599,32547.805115,0.706398,1.964575,21.413058,0.0,391896.0,41.562691,1030.191219,32.096592,0.772245,1.529831,10.875219,0.0,343.0,9
CONT_s2_bola_OfForestAndMen,10,3.345423,3360.0,4187904.0,97.0,1.0,0.063,0.026,9.911,3.350323,3.380409,418079.164008,43068.497852,43174.268041,38873664.677406,6234.874873,0.144412,-0.275625,-1.060323,31760.0,52995.0,34.639175,24.795533,4.979511,0.143754,-0.345812,-0.843834,26.0,43.0,8467.0,10251800.0,232.0,0.794521,1.352,0.026,28.622,2.733813,2.865432,340458.476617,-523789.402238,35108.90411,712841669.770842,26699.094924,0.760465,6.45828,84.489276,0.0,371455.0,28.996575,491.268029,22.164567,0.764386,5.994474,75.907248,0.0,301.0,44133.0,49388198.0,872.0,0.808905,0.104,0.026,110.37,3.575616,3.579828,419133.870374,5397794.237101,45814.654917,968103447.810241,31114.360797,0.679136,2.070082,23.666836,0.0,391896.0,40.939703,943.546036,30.717194,0.750303,1.646191,12.18176,0.0,343.0,10
CONT_s2_bola_OfForestAndMen,11,3.349474,3368.0,4157638.0,96.0,1.0,0.078,0.095,9.827,3.32611,3.384665,418259.262,43789.145133,43308.729167,30227215.610088,5497.928302,0.126947,-0.296635,-0.624417,33208.0,52916.0,35.083333,18.687719,4.322929,0.123219,-0.424895,-0.273358,26.0,43.0,9473.0,11684149.0,271.0,0.934483,0.086,0.095,29.819,3.115773,3.134686,407729.628122,-578418.696857,40290.168966,143258383.60111,11969.059428,0.297071,-2.37831,5.618521,0.0,52995.0,32.665517,98.271817,9.913214,0.303476,-2.16687,5.060415,0.0,53.0,47501.0,53545836.0,968.0,0.824532,0.104,0.095,120.301,3.55491,3.560791,410453.480266,5730059.89131,45609.741056,891792455.762388,29862.894296,0.654748,2.169396,25.911425,0.0,391896.0,40.460818,870.415769,29.50281,0.72917,1.752767,13.491697,0.0,343.0,11
CONT_s2_bola_OfForestAndMen,12,3.347274,3516.0,4205674.0,97.0,1.0,0.008,0.043,9.949,3.364539,3.381786,418552.616945,38430.587123,43357.463918,25397131.688789,5039.556696,0.116233,-0.336716,-0.390938,31708.0,52916.0,36.247423,23.875644,4.886271,0.134803,-0.282073,-0.4612,25.0,45.0,10244.0,12551216.0,290.0,1.0,0.063,0.043,29.894,3.346991,3.358859,418311.350569,41972.897908,43280.055172,31291791.06961,5593.906602,0.129249,-0.307441,-0.717503,31708.0,52995.0,35.324138,22.773464,4.772155,0.135096,-0.326781,-0.490777,25.0,45.0,51017.0,57751510.0,1065.0,0.837923,0.104,0.043,130.353,3.540322,3.544315,405363.291287,5941726.150668,45437.852085,825956834.244246,28739.464752,0.632501,2.265138,28.182113,0.0,391896.0,40.13926,806.992402,28.407612,0.707726,1.846006,14.802686,0.0,343.0,12
CONT_s2_bola_OfForestAndMen,13,3.590159,3834.0,4480388.0,82.0,0.854167,0.061,0.07,9.869,3.58431,3.631888,461637.460226,17479.483433,46670.708333,5459944584.714034,73891.437831,1.583251,7.957292,70.280809,0.0,719764.0,39.9375,3561.238158,59.67611,1.494238,7.71414,67.357656,0.0,578.0,10718.0,12843700.0,275.0,0.951557,0.078,0.07,29.852,3.424987,3.441967,428443.131664,-43815.945404,44441.868512,1821939852.260429,42684.18738,0.96045,13.723245,215.42539,0.0,719764.0,37.086505,1193.120963,34.541583,0.931379,13.31833,206.686673,0.0,578.0,54851.0,62231898.0,1147.0,0.839064,0.104,0.07,140.326,3.543453,3.547847,403091.823786,6043288.328931,45524.431602,1147727365.815048,33878.125182,0.744175,7.028185,126.993358,0.0,719764.0,40.125091,997.951398,31.590369,0.787297,4.843597,69.446917,0.0,578.0,13
CONT_s2_bola_OfForestAndMen,14,5.463289,5864.0,6823931.0,93.0,0.96875,0.034,0.078,9.888,5.459145,5.52098,723383.172922,-413608.435069,71082.614583,455349898.660416,21338.929183,0.300199,-2.472279,5.062918,0.0,92368.0,61.083333,438.182456,20.932808,0.342693,-1.155796,2.232979,0.0,104.0,13214.0,15509993.0,272.0,0.941176,0.008,0.078,29.914,4.135998,4.147889,491664.260946,-539462.062694,53667.795848,2112906458.774151,45966.362253,0.856498,10.485213,150.847629,0.0,719764.0,45.723183,1447.25644,38.042824,0.832025,9.485894,130.858154,0.0,578.0,60715.0,69055829.0,1240.0,0.847573,0.104,0.078,150.318,3.670742,3.675186,404930.31374,5952107.375017,47201.523582,1142030179.386414,33793.937021,0.71595,6.513646,118.429398,0.0,719764.0,41.500342,987.845246,31.430006,0.757343,4.518745,65.373194,0.0,578.0,14
CONT_s2_bola_OfForestAndMen,15,4.94671,5790.0,6177461.0,80.0,0.833333,0.026,0.818,9.156,4.941969,5.397519,639585.566956,361578.036731,64348.552083,895937428.291995,29932.213889,0.465158,-1.610545,0.743638,0.0,90364.0,60.3125,890.953947,29.848852,0.494903,-1.154392,0.164046,0.0,104.0,15488.0,17481780.0,255.0,0.885417,0.061,0.818,29.121,4.661808,4.802522,625313.185809,-1074174.724492,60700.625,2360935432.688154,48589.458041,0.800477,8.438072,115.734276,0.0,719764.0,53.777778,1714.974835,41.412255,0.770063,6.849071,87.304661,0.0,578.0,66505.0,75233290.0,1320.0,0.846697,0.104,0.818,159.578,3.749946,3.771612,412956.461822,5536705.253775,48257.402181,1143292719.465233,33812.61184,0.700672,6.021265,110.011812,0.0,719764.0,42.658756,1001.766661,31.650698,0.741951,4.093179,58.913358,0.0,578.0,15
CONT_s2_bola_OfForestAndMen,16,2.846053,3043.0,3560331.0,48.0,0.5,1.158,0.094,8.748,2.848265,3.255904,378974.487134,-53255.721744,37086.78125,1507501833.204276,38826.560924,1.046911,0.134751,-1.931404,0.0,88040.0,31.697917,1197.413048,34.603657,1.09167,0.406225,-1.347796,0.0,104.0,14697.0,16561723.0,221.0,0.767361,0.034,0.094,29.872,4.416459,4.435384,583194.209268,734089.437979,57505.982639,1163071637.626877,34103.836113,0.593048,-1.004617,-0.874651,0.0,92368.0,51.03125,1023.953724,31.999277,0.627053,-0.619725,-0.927514,0.0,104.0,69548.0,78793621.0,1368.0,0.826586,0.104,0.094,170.302,3.697061,3.70136,419112.117277,5199165.290649,47609.438671,1170342813.987622,34210.273515,0.718561,5.469774,99.131217,0.0,719764.0,42.022961,1018.966824,31.92126,0.759615,3.775781,53.801713,0.0,578.0,16
CONT_s2_bola_OfForestAndMen,17,5.266743,6157.0,6594110.0,90.0,0.9375,0.01,0.079,9.911,5.275288,5.32266,637744.896696,163463.943258,68688.645833,595359629.957456,24399.992417,0.355226,-2.143507,3.140729,0.0,92696.0,64.135417,620.560417,24.91105,0.388413,-1.336282,1.521973,0.0,109.0,14990.0,16331902.0,218.0,0.756944,0.026,0.079,29.895,4.355174,4.370471,485357.394345,943448.430274,56707.993056,1188950814.425038,34481.166083,0.608048,-0.957173,-0.979124,0.0,92696.0,52.048611,1106.924458,33.270474,0.639219,-0.621451,-1.028887,0.0,109.0,75705.0,85387731.0,1458.0,0.832667,0.104,0.079,180.317,3.784498,3.788339,424995.201418,4855721.863334,48765.123358,1161499140.981346,34080.773773,0.698876,5.149126,94.348848,0.0,719764.0,43.235294,1022.109176,31.970442,0.739452,3.490717,49.918419,0.0,578.0,17
CONT_s2_bola_OfForestAndMen,18,4.779001,5296.0,5991329.0,94.0,0.979167,0.026,0.05,9.924,4.793063,4.829769,645170.53208,396577.943071,62409.677083,836314694.515679,28919.106046,0.463375,-1.196666,-0.3752,0.0,89540.0,55.166667,695.214035,26.366912,0.47795,-0.617853,-0.505033,0.0,104.0,14496.0,16145770.0,232.0,0.805556,1.158,0.05,28.792,4.305539,4.486182,591156.289237,-1355619.931272,56061.701389,1160142892.286826,34060.870398,0.60756,-0.871573,-1.10725,0.0,92696.0,50.333333,1019.58885,31.931001,0.634391,-0.509329,-1.044131,0.0,109.0,81001.0,91379060.0,1552.0,0.840282,0.104,0.05,190.346,3.837441,3.840546,433288.765382,4344639.820703,49474.315106,1153313720.409864,33960.472912,0.686426,4.881187,90.234679,0.0,719764.0,43.855441,1011.751031,31.808034,0.725293,3.326098,47.999497,0.0,578.0,18
CONT_s2_bola_OfForestAndMen,19,0.995798,1692.0,1369078.0,40.0,0.380952,0.054,2.876,8.054,0.997143,1.359899,136294.984321,270610.115973,13038.838095,670443717.002381,25892.927934,1.985831,2.048463,2.580859,0.0,83048.0,16.114286,1054.871429,32.478784,2.015527,2.053261,2.566864,0.0,105.0,13145.0,13954517.0,224.0,0.754209,0.01,2.876,28.098,3.603025,3.973099,490363.100248,1598558.129357,46984.905724,1333757171.193784,36520.640345,0.777285,-0.313492,-1.793524,0.0,92696.0,44.259259,1240.631882,35.222605,0.795825,-0.061223,-1.493398,0.0,109.0,82693.0,92748138.0,1592.0,0.815574,0.104,2.876,198.504,3.682601,3.737885,438001.575158,4040207.675841,47514.414959,1194586034.70522,34562.783955,0.727417,4.439497,80.378227,0.0,719764.0,42.363217,1052.720389,32.445653,0.765892,3.041838,42.302267,0.0,578.0,19
CONT_s2_bola_OfForestAndMen,20,4.986354,7818.0,6266995.0,85.0,0.885417,1.2,0.003,8.797,5.013596,5.699211,684692.268705,-755500.314945,65281.197917,890184264.18147,29835.955895,0.457038,-1.464359,0.450213,0.0,95428.0,81.4375,1390.290789,37.286603,0.457855,-1.439206,0.440297,0.0,126.0,14806.0,13627402.0,219.0,0.737374,0.026,0.003,30.955,3.518565,3.521861,321889.991965,1894534.115444,45883.508418,1382958002.62915,37188.143307,0.81049,-0.218883,-1.841144,0.0,95428.0,49.851852,1776.450951,42.147965,0.845464,0.028573,-1.643186,0.0,126.0,90511.0,99015133.0,1677.0,0.818848,0.104,0.003,211.377,3.745537,3.747433,439182.995303,3958383.64681,48347.23291,1193985158.071276,34554.090323,0.714707,4.178331,76.196408,0.0,719764.0,44.194824,1136.119817,33.706377,0.762677,2.603302,33.848952,0.0,578.0,20
CONT_s2_bola_OfForestAndMen,21,6.056151,9378.0,7539837.0,95.0,1.0,0.101,0.043,9.856,6.03187,6.119998,756354.066976,78865.230505,79366.705263,58223023.103695,7630.401241,0.096141,-3.973795,14.886649,42073.0,85080.0,98.715789,96.843897,9.84093,0.09969,-3.25399,11.047653,52.0,110.0,18888.0,15175910.0,220.0,0.743243,0.054,0.043,30.887,3.918386,3.930692,501020.497816,-2398721.651614,51269.966216,1379926681.585295,37147.364396,0.724544,-0.505897,-1.646231,0.0,95428.0,63.810811,2153.659001,46.407532,0.727268,-0.497631,-1.641381,0.0,126.0,99889.0,106554970.0,1772.0,0.826878,0.104,0.043,221.337,3.848765,3.851321,443565.00921,3642873.724402,49722.337844,1184368852.998785,34414.660437,0.692137,3.958169,73.308802,0.0,719764.0,46.611759,1215.972448,34.870796,0.748112,2.221267,27.396289,0.0,578.0,21
CONT_s2_bola_OfForestAndMen,22,6.038891,9189.0,7522962.0,95.0,1.0,0.062,0.077,9.861,6.01837,6.103204,758587.318598,53933.598678,79189.073684,58778918.749832,7666.741078,0.096816,-5.486497,36.131834,20428.0,85928.0,96.726316,103.9243,10.194327,0.105394,-4.141978,23.659313,26.0,113.0,26385.0,21329794.0,275.0,0.961538,1.2,0.077,28.723,5.687945,5.940826,746959.37549,-1069717.436988,74579.699301,379162873.530316,19472.10501,0.261091,-3.015125,8.037711,0.0,95428.0,92.255245,589.643393,24.282574,0.263211,-2.901006,7.655512,0.0,126.0,109078.0,114077932.0,1867.0,0.834227,0.104,0.077,231.303,3.94249,3.945576,450209.05284,3143297.11428,50973.159964,1171850350.787989,34232.299817,0.671575,3.771199,71.104732,0.0,719764.0,48.739053,1270.828613,35.648683,0.731419,1.939877,23.35323,0.0,578.0,22
CONT_s2_bola_OfForestAndMen,23,6.051859,7625.0,7618989.0,96.0,1.0,0.028,0.006,9.966,6.095191,6.115986,757602.031496,89587.711275,79364.46875,22708447.999013,4765.338183,0.060044,-1.424104,3.231273,60168.0,89280.0,79.427083,370.436732,19.246733,0.24232,0.06877,-1.462585,50.0,114.0,26192.0,22681788.0,286.0,1.0,0.101,0.006,29.893,6.048477,6.070127,756836.186276,71603.318337,79306.951049,46166533.07128,6794.595873,0.085675,-4.61012,27.700708,20428.0,89280.0,91.58042,265.247896,16.286433,0.177838,-1.396406,0.894652,26.0,114.0,116703.0,121696921.0,1963.0,0.841045,0.104,0.006,241.374,4.031635,4.033472,458432.252981,2498110.726747,52140.925878,1156359232.925922,34005.282427,0.65218,3.611604,69.490237,0.0,719764.0,50.001285,1270.777967,35.647973,0.712941,1.811214,22.088456,0.0,578.0,23
CONT_s2_bola_OfForestAndMen,24,3.941562,5119.0,4915075.0,65.0,0.684211,0.099,0.031,9.87,3.93206,3.98385,532976.20825,-127457.50248,51737.631579,1446385248.852184,38031.371903,0.735081,-0.563443,-1.625628,0.0,91916.0,53.884211,1722.401344,41.501823,0.770204,-0.32042,-1.564236,0.0,114.0,21933.0,20057026.0,256.0,0.895105,0.062,0.031,29.907,5.34854,5.365172,690293.173277,623637.693364,70129.461538,672849287.519568,25939.33861,0.369878,-2.191189,3.039717,0.0,91916.0,76.688811,1035.555453,32.180047,0.419619,-1.378187,0.864906,0.0,114.0,121822.0,126611996.0,2028.0,0.834911,0.104,0.031,251.349,4.027676,4.029839,466268.063924,1858069.557318,52125.152738,1167117442.706068,34163.100601,0.655405,3.392137,65.463199,0.0,719764.0,50.153149,1288.306025,35.89298,0.715668,1.690012,20.519941,0.0,578.0,24
CONT_s2_bola_OfForestAndMen,25,7.005618,8541.0,8738597.0,95.0,1.0,0.074,0.048,9.878,6.990878,7.07722,880843.486582,-262243.932736,91985.231579,7269225752.116013,85259.754586,0.926885,7.003124,48.591786,67760.0,768183.0,89.905263,4748.022844,68.905898,0.766428,6.474038,44.503924,50.0,631.0,21285.0,21272661.0,256.0,0.895105,0.028,0.048,29.924,5.67271,5.687117,647386.6366,498335.38368,74379.933566,3164767885.402589,56256.269743,0.756337,8.474296,96.981319,0.0,768183.0,74.423077,2486.532659,49.865145,0.670023,5.861769,61.662244,0.0,631.0,130363.0,135350593.0,2123.0,0.841125,0.104,0.048,261.332,4.140998,4.143407,474015.369398,1198914.12667,53625.433043,1451575785.976093,38099.550994,0.710475,5.773249,99.837113,0.0,768183.0,51.649366,1473.956674,38.392143,0.743323,3.014113,38.554542,0.0,631.0,25
CONT_s2_bola_OfForestAndMen,26,5.741113,6685.0,7167240.0,91.0,0.957895,0.057,0.062,9.881,5.733792,5.802846,733704.018504,142694.494128,75444.631579,292277132.618141,17096.114547,0.226605,-3.735165,13.584975,0.0,93840.0,70.368421,491.06495,22.159985,0.314914,-0.860703,2.524885,0.0,120.0,20345.0,20820912.0,251.0,0.880702,0.099,0.062,29.839,5.552243,5.582201,743782.810866,-1451529.732263,73055.831579,3255276174.844773,57055.027604,0.780978,8.189715,92.632582,0.0,768183.0,71.385965,2521.688535,50.216417,0.703449,5.88529,61.563038,0.0,631.0,137048.0,142517833.0,2214.0,0.845361,0.104,0.062,271.318,4.199668,4.202237,483039.145139,402024.505764,54416.889271,1426045288.190178,37763.014819,0.693958,5.658273,99.222148,0.0,768183.0,52.32837,1450.356609,38.083548,0.72778,2.938582,38.178748,0.0,631.0,26
CONT_s2_bola_OfForestAndMen,27,4.522778,5420.0,5634854.0,72.0,0.757895,0.043,0.098,9.859,4.507883,4.572353,517746.99187,252651.582283,59314.252632,1194323730.403583,34558.98914,0.582642,-1.089213,-0.735224,0.0,90832.0,57.052632,1331.454647,36.489103,0.639569,-0.518016,-0.988484,0.0,110.0,20646.0,21540691.0,258.0,0.905263,0.074,0.098,29.828,5.744184,5.777307,730239.899287,873039.961499,75581.37193,3076589885.149913,55467.016191,0.733872,8.847534,102.34637,0.0,768183.0,72.442105,2357.430615,48.553379,0.670237,6.542279,70.155695,0.0,631.0,142468.0,148152687.0,2286.0,0.842299,0.104,0.098,281.282,4.210618,4.213641,491276.840394,-352079.491923,54588.315033,1418301413.688038,37660.342719,0.689898,5.473672,96.664605,0.0,768183.0,52.493736,1446.456466,38.032308,0.724511,2.830278,36.955082,0.0,631.0,27
CONT_s2_bola_OfForestAndMen,28,4.590098,6414.0,5778354.0,73.0,0.760417,0.007,0.027,9.966,4.622683,4.638454,575177.58413,-340629.405215,60191.1875,1205351764.322368,34718.176282,0.576798,-1.110307,-0.675888,0.0,92936.0,66.8125,1595.459211,39.9432,0.59784,-0.876011,-0.843087,0.0,112.0,18519.0,18580448.0,236.0,0.825175,0.057,0.027,29.916,4.954786,4.968699,581503.112773,1006902.544564,64966.601399,947028995.447577,30773.836216,0.473687,-1.560489,0.58066,0.0,93840.0,64.751748,1164.6364,34.12677,0.52704,-0.8584,-0.303868,0.0,120.0,148882.0,153931041.0,2359.0,0.839502,0.104,0.027,291.353,4.224754,4.226654,498302.363027,-1018540.336745,54779.729893,1411630774.226411,37571.675159,0.685868,5.292357,94.104132,0.0,768183.0,52.982918,1457.748373,38.180471,0.720619,2.673092,34.92336,0.0,631.0,28
CONT_s2_bola_OfForestAndMen,29,3.10906,3959.0,3889179.0,54.0,0.568421,0.078,1.819,8.103,3.111343,3.839742,388774.685865,985707.434317,40938.726316,1603710201.817917,40046.350668,0.978202,-0.035079,-1.97612,0.0,87104.0,41.673684,1750.137066,41.83464,1.003862,0.136047,-1.744842,0.0,105.0,15793.0,15302387.0,199.0,0.695804,0.043,1.819,28.138,4.080637,4.350668,565484.506148,-27479.270687,53504.84965,1403589013.826439,37464.503384,0.700208,-0.693558,-1.467849,0.0,92936.0,55.22028,1655.758324,40.69101,0.736885,-0.391817,-1.453827,0.0,112.0,152841.0,157820220.0,2413.0,0.830637,0.104,1.819,299.561,4.187823,4.214707,504689.701942,-1645270.97544,54327.098107,1423424211.931488,37728.29458,0.694465,5.048596,89.691589,0.0,768183.0,52.613081,1470.757956,38.350462,0.728915,2.551103,33.204702,0.0,631.0,29
