run_id,t_epoch,dt,delta_bytes,delta_packets,delta_reorder,jitter_ns,rtt_ns,active_flows
CONT_s4_l2a_Valkaama,1789834658.878,0.1001,141,1,0,0.0,0,1
CONT_s4_l2a_Valkaama,1789834658.979,0.1014,0,0,0,0,0,0
CONT_s4_l2a_Valkaama,1789834659.08,0.1012,0,0,0,0,0,0
CONT_s4_l2a_Valkaama,1789834659.181,0.1011,0,0,0,0,0,0
CONT_s4_l2a_Valkaama,1789834659.282,0.1012,0,0,0,0,0,0
CONT_s4_l2a_Valkaama,1789834659.384,0.1014,0,0,0,0,0,0
CONT_s4_l2a_Valkaama,1789834659.485,0.1013,0,0,0,0,0,0
CONT_s4_l2a_Valkaama,1789834659.586,0.1012,0,0,0,0,0,0
CONT_s4_l2a_Valkaama,1789834659.687,0.101,0,0,0,0,0,0
CONT_s4_l2a_Valkaama,1789834659.788,0.101,0,0,0,0,0,0
CONT_s4_l2a_Valkaama,1789834659.89,0.1013,0,0,0,0,0,0
CONT_s4_l2a_Valkaama,1789834659.991,0.1013,0,0,0,0,0,0
CONT_s4_l2a_Valkaama,1789834660.092,0.1012,0,0,0,0,0,0
CONT_s4_l2a_Valkaama,1789834660.193,0.1011,0,0,0,0,0,0
CONT_s4_l2a_Valkaama,1789834660.294,0.1011,0,0,0,0,0,0
CONT_s4_l2a_Valkaama,1789834660.396,0.1013,0,0,0,0,0,0
CONT_s4_l2a_Valkaama,1789834660.497,0.1013,0,0,0,0,0,0
CONT_s4_l2a_Valkaama,1789834660.598,0.1013,0,0,0,0,0,0
CONT_s4_l2a_Valkaama,1789834660.699,0.1011,0,0,0,0,0,0
CONT_s4_l2a_Valkaama,1789834660.8,0.101,0,0,0,0,0,0
CONT_s4_l2a_Valkaama,1789834660.902,0.1013,141,1,0,0.0,0,1
CONT_s4_l2a_Valkaama,1789834661.003,0.1013,0,0,0,0,0,0
CONT_s4_l2a_Valkaama,1789834661.104,0.1012,0,0,0,0,0,0
CONT_s4_l2a_Valkaama,1789834661.205,0.1011,0,0,0,0,0,0
CONT_s4_l2a_Valkaama,1789834661.306,0.1011,0,0,0,0,0,0
CONT_s4_l2a_Valkaama,1789834661.408,0.1013,0,0,0,0,0,0
CONT_s4_l2a_Valkaama,1789834661.509,0.1013,0,0,0,0,0,0
CONT_s4_l2a_Valkaama,1789834661.611,0.1015,0,0,0,0,0,0
CONT_s4_l2a_Valkaama,1789834661.712,0.1014,0,0,0,0,0,0
CONT_s4_l2a_Valkaama,1789834661.814,0.1015,0,0,0,0,0,0
CONT_s4_l2a_Valkaama,1789834661.915,0.1017,0,0,0,0,0,0
CONT_s4_l2a_Valkaama,1789834662.017,0.1017,0,0,0,0,0,0
CONT_s4_l2a_Valkaama,1789834662.119,0.1016,0,0,0,0,0,0
CONT_s4_l2a_Valkaama,1789834662.22,0.1015,0,0,0,0,0,0
CONT_s4_l2a_Valkaama,1789834662.322,0.1015,0,0,0,0,0,0
CONT_s4_l2a_Valkaama,1789834662.423,0.1016,0,0,0,0,0,0
CONT_s4_l2a_Valkaama,1789834662.525,0.1016,0,0,0,0,0,0
CONT_s4_l2a_Valkaama,1789834662.626,0.1015,0,0,0,0,0,0
CONT_s4_l2a_Valkaama,1789834662.728,0.1018,0,0,0,0,0,0
CONT_s4_l2a_Valkaama,1789834662.831,0.1031,0,0,0,0,0,0
CONT_s4_l2a_Valkaama,1789834662.933,0.1016,141,1,0,25305.0,0,1
CONT_s4_l2a_Valkaama,1789834663.035,0.1017,0,0,0,0,0,0
CONT_s4_l2a_Valkaama,1789834663.136,0.1015,0,0,0,0,0,0
CONT_s4_l2a_Valkaama,1789834663.238,0.1015,0,0,0,0,0,0
CONT_s4_l2a_Valkaama,1789834663.339,0.1018,0,0,0,0,0,0
CONT_s4_l2a_Valkaama,1789834663.442,0.1032,0,0,0,0,0,0
CONT_s4_l2a_Valkaama,1789834663.544,0.1017,0,0,0,0,0,0
CONT_s4_l2a_Valkaama,1789834663.646,0.1015,0,0,0,0,0,0
CONT_s4_l2a_Valkaama,1789834663.747,0.1016,0,0,0,0,0,0
CONT_s4_l2a_Valkaama,1789834663.849,0.1016,0,0,0,0,0,0
CONT_s4_l2a_Valkaama,1789834663.951,0.1025,0,0,0,0,0,0
CONT_s4_l2a_Valkaama,1789834664.053,0.1015,0,0,0,0,0,0
CONT_s4_l2a_Valkaama,1789834664.154,0.1015,0,0,0,0,0,0
CONT_s4_l2a_Valkaama,1789834664.256,0.1015,0,0,0,0,0,0
CONT_s4_l2a_Valkaama,1789834664.357,0.1016,0,0,0,0,0,0
CONT_s4_l2a_Valkaama,1789834664.459,0.1016,0,0,0,0,0,0
CONT_s4_l2a_Valkaama,1789834664.561,0.1014,0,0,0,0,0,0
CONT_s4_l2a_Valkaama,1789834664.662,0.1015,0,0,0,0,0,0
CONT_s4_l2a_Valkaama,1789834664.763,0.1015,0,0,0,0,0,0
CONT_s4_l2a_Valkaama,1789834664.865,0.1016,0,0,0,0,0,0
CONT_s4_l2a_Valkaama,1789834664.967,0.1016,141,1,0,154560.0,0,1
CONT_s4_l2a_Valkaama,1789834665.068,0.1014,0,0,0,0,0,0
CONT_s4_l2a_Valkaama,1789834665.17,0.1015,0,0,0,0,0,0
CONT_s4_l2a_Valkaama,1789834665.271,0.1015,0,0,0,0,0,0
CONT_s4_l2a_Valkaama,1789834665.373,0.1016,0,0,0,0,0,0
CONT_s4_l2a_Valkaama,1789834665.474,0.1016,0,0,0,0,0,0
CONT_s4_l2a_Valkaama,1789834665.576,0.1015,0,0,0,0,0,0
CONT_s4_l2a_Valkaama,1789834665.677,0.1015,0,0,0,0,0,0
CONT_s4_l2a_Valkaama,1789834665.779,0.1017,0,0,0,0,0,0
CONT_s4_l2a_Valkaama,1789834665.881,0.1016,0,0,0,0,0,0
CONT_s4_l2a_Valkaama,1789834665.982,0.1016,0,0,0,0,0,0
CONT_s4_l2a_Valkaama,1789834666.084,0.1014,0,0,0,0,0,0
CONT_s4_l2a_Valkaama,1789834666.185,0.1015,0,0,0,0,0,0
CONT_s4_l2a_Valkaama,1789834666.287,0.1015,0,0,0,0,0,0
CONT_s4_l2a_Valkaama,1789834666.388,0.1016,0,0,0,0,0,0
CONT_s4_l2a_Valkaama,1789834666.49,0.1016,0,0,0,0,0,0
CONT_s4_l2a_Valkaama,1789834666.591,0.1014,0,0,0,0,0,0
CONT_s4_l2a_Valkaama,1789834666.693,0.1015,0,0,0,0,0,0
CONT_s4_l2a_Valkaama,1789834666.794,0.1015,0,0,0,0,0,0
CONT_s4_l2a_Valkaama,1789834666.896,0.1016,141,1,0,452529.0,0,1
CONT_s4_l2a_Valkaama,1789834666.998,0.1016,0,0,0,0,0,0
CONT_s4_l2a_Valkaama,1789834667.099,0.1015,0,0,0,0,0,0
CONT_s4_l2a_Valkaama,1789834667.2,0.1015,0,0,0,0,0,0
CONT_s4_l2a_Valkaama,1789834667.302,0.1014,0,0,0,0,0,0
CONT_s4_l2a_Valkaama,1789834667.404,0.1016,0,0,0,0,0,0
CONT_s4_l2a_Valkaama,1789834667.505,0.1016,0,0,0,0,0,0
CONT_s4_l2a_Valkaama,1789834667.607,0.1015,0,0,0,0,0,0
CONT_s4_l2a_Valkaama,1789834667.708,0.1015,0,0,0,0,0,0
CONT_s4_l2a_Valkaama,1789834667.81,0.1015,0,0,0,0,0,0
CONT_s4_l2a_Valkaama,1789834667.911,0.1017,0,0,0,0,0,0
CONT_s4_l2a_Valkaama,1789834668.013,0.1016,0,0,0,0,0,0
CONT_s4_l2a_Valkaama,1789834668.114,0.1015,0,0,0,0,0,0
CONT_s4_l2a_Valkaama,1789834668.216,0.1015,0,0,0,0,0,0
CONT_s4_l2a_Valkaama,1789834668.317,0.1015,0,0,0,0,0,0
CONT_s4_l2a_Valkaama,1789834668.419,0.1016,0,0,0,0,0,0
CONT_s4_l2a_Valkaama,1789834668.521,0.1016,0,0,0,0,0,0
CONT_s4_l2a_Valkaama,1789834668.622,0.1015,0,0,0,0,0,0
CONT_s4_l2a_Valkaama,1789834668.724,0.1015,0,0,0,0,0,0
CONT_s4_l2a_Valkaama,1789834668.825,0.1015,0,0,0,0,0,0
CONT_s4_l2a_Valkaama,1789834668.927,0.1017,141,1,0,854910.0,0,1
CONT_s4_l2a_Valkaama,1789834669.029,0.102,0,0,0,0,0,0
CONT_s4_l2a_Valkaama,1789834669.13,0.1015,0,0,0,0,0,0
CONT_s4_l2a_Valkaama,1789834669.232,0.1016,0,0,0,0,0,0
CONT_s4_l2a_Valkaama,1789834669.334,0.1024,0,0,0,0,0,0
CONT_s4_l2a_Valkaama,1789834669.437,0.1031,0,0,0,0,0,0
CONT_s4_l2a_Valkaama,1789834669.539,0.1017,0,0,0,0,0,0
CONT_s4_l2a_Valkaama,1789834669.64,0.1014,0,0,0,0,0,0
CONT_s4_l2a_Valkaama,1789834669.742,0.1015,0,0,0,0,0,0
CONT_s4_l2a_Valkaama,1789834669.844,0.1017,0,0,0,0,0,0
CONT_s4_l2a_Valkaama,1789834669.946,0.1026,0,0,0,0,0,0
CONT_s4_l2a_Valkaama,1789834670.048,0.1015,0,0,0,0,0,0
CONT_s4_l2a_Valkaama,1789834670.149,0.1015,0,0,0,0,0,0
CONT_s4_l2a_Valkaama,1789834670.251,0.1014,0,0,0,0,0,0
CONT_s4_l2a_Valkaama,1789834670.352,0.1017,0,0,0,0,0,0
CONT_s4_l2a_Valkaama,1789834670.454,0.1016,0,0,0,0,0,0
CONT_s4_l2a_Valkaama,1789834670.555,0.1014,0,0,0,0,0,0
CONT_s4_l2a_Valkaama,1789834670.657,0.1015,0,0,0,0,0,0
CONT_s4_l2a_Valkaama,1789834670.759,0.1017,0,0,0,0,0,0
CONT_s4_l2a_Valkaama,1789834670.86,0.1018,0,0,0,0,0,0
CONT_s4_l2a_Valkaama,1789834670.962,0.1017,141,1,0,1520202.0,0,1
CONT_s4_l2a_Valkaama,1789834671.063,0.1015,0,0,0,0,0,0
CONT_s4_l2a_Valkaama,1789834671.165,0.1015,0,0,0,0,0,0
CONT_s4_l2a_Valkaama,1789834671.266,0.1015,0,0,0,0,0,0
CONT_s4_l2a_Valkaama,1789834671.368,0.1017,0,0,0,0,0,0
CONT_s4_l2a_Valkaama,1789834671.47,0.1016,0,0,0,0,0,0
CONT_s4_l2a_Valkaama,1789834671.571,0.1014,0,0,0,0,0,0
CONT_s4_l2a_Valkaama,1789834671.673,0.1014,0,0,0,0,0,0
CONT_s4_l2a_Valkaama,1789834671.774,0.1015,0,0,0,0,0,0
CONT_s4_l2a_Valkaama,1789834671.876,0.1017,0,0,0,0,0,0
CONT_s4_l2a_Valkaama,1789834671.977,0.1016,0,0,0,0,0,0
CONT_s4_l2a_Valkaama,1789834672.079,0.1014,0,0,0,0,0,0
CONT_s4_l2a_Valkaama,1789834672.18,0.1015,0,0,0,0,0,0
CONT_s4_l2a_Valkaama,1789834672.282,0.1015,0,0,0,0,0,0
CONT_s4_l2a_Valkaama,1789834672.383,0.1017,0,0,0,0,0,0
CONT_s4_l2a_Valkaama,1789834672.485,0.1016,0,0,0,0,0,0
CONT_s4_l2a_Valkaama,1789834672.587,0.1015,0,0,0,0,0,0
CONT_s4_l2a_Valkaama,1789834672.688,0.1014,0,0,0,0,0,0
CONT_s4_l2a_Valkaama,1789834672.79,0.1014,0,0,0,0,0,0
CONT_s4_l2a_Valkaama,1789834672.891,0.1017,0,0,0,0,0,0
CONT_s4_l2a_Valkaama,1789834672.993,0.1016,141,1,0,1551015.0,0,1
CONT_s4_l2a_Valkaama,1789834673.094,0.1015,0,0,0,0,0,0
CONT_s4_l2a_Valkaama,1789834673.196,0.1014,0,0,0,0,0,0
CONT_s4_l2a_Valkaama,1789834673.297,0.1015,0,0,0,0,0,0
CONT_s4_l2a_Valkaama,1789834673.399,0.1017,0,0,0,0,0,0
CONT_s4_l2a_Valkaama,1789834673.501,0.1017,0,0,0,0,0,0
CONT_s4_l2a_Valkaama,1789834673.602,0.1015,0,0,0,0,0,0
CONT_s4_l2a_Valkaama,1789834673.704,0.1015,0,0,0,0,0,0
CONT_s4_l2a_Valkaama,1789834673.805,0.1015,0,0,0,0,0,0
CONT_s4_l2a_Valkaama,1789834673.907,0.1017,0,0,0,0,0,0
CONT_s4_l2a_Valkaama,1789834674.009,0.1016,0,0,0,0,0,0
CONT_s4_l2a_Valkaama,1789834674.11,0.1015,0,0,0,0,0,0
CONT_s4_l2a_Valkaama,1789834674.212,0.1015,0,0,0,0,0,0
CONT_s4_l2a_Valkaama,1789834674.313,0.1015,0,0,0,0,0,0
CONT_s4_l2a_Valkaama,1789834674.415,0.1017,0,0,0,0,0,0
CONT_s4_l2a_Valkaama,1789834674.516,0.1016,0,0,0,0,0,0
CONT_s4_l2a_Valkaama,1789834674.618,0.1015,0,0,0,0,0,0
CONT_s4_l2a_Valkaama,1789834674.719,0.1015,0,0,0,0,0,0
CONT_s4_l2a_Valkaama,1789834674.821,0.1015,0,0,0,0,0,0
CONT_s4_l2a_Valkaama,1789834674.922,0.1017,141,1,0,2265754.0,0,1
CONT_s4_l2a_Valkaama,1789834675.024,0.1017,0,0,0,0,0,0
CONT_s4_l2a_Valkaama,1789834675.126,0.1014,0,0,0,0,0,0
CONT_s4_l2a_Valkaama,1789834675.227,0.1015,0,0,0,0,0,0
CONT_s4_l2a_Valkaama,1789834675.331,0.1037,0,0,0,0,0,0
CONT_s4_l2a_Valkaama,1789834675.432,0.1016,0,0,0,0,0,0
CONT_s4_l2a_Valkaama,1789834675.534,0.1016,0,0,0,0,0,0
CONT_s4_l2a_Valkaama,1789834675.635,0.1014,0,0,0,0,0,0
CONT_s4_l2a_Valkaama,1789834675.737,0.1015,0,0,0,0,0,0
CONT_s4_l2a_Valkaama,1789834675.839,0.1019,0,0,0,0,0,0
CONT_s4_l2a_Valkaama,1789834675.942,0.1038,0,0,0,0,0,0
CONT_s4_l2a_Valkaama,1789834676.044,0.1016,0,0,0,0,0,0
CONT_s4_l2a_Valkaama,1789834676.146,0.1015,0,0,0,0,0,0
CONT_s4_l2a_Valkaama,1789834676.247,0.1015,0,0,0,0,0,0
CONT_s4_l2a_Valkaama,1789834676.349,0.1018,0,0,0,0,0,0
CONT_s4_l2a_Valkaama,1789834676.452,0.103,0,0,0,0,0,0
CONT_s4_l2a_Valkaama,1789834676.553,0.1016,0,0,0,0,0,0
CONT_s4_l2a_Valkaama,1789834676.655,0.1015,0,0,0,0,0,0
CONT_s4_l2a_Valkaama,1789834676.756,0.1014,0,0,0,0,0,0
CONT_s4_l2a_Valkaama,1789834676.858,0.1016,0,0,0,0,0,0
CONT_s4_l2a_Valkaama,1789834676.959,0.1016,141,1,0,2299069.0,0,1
CONT_s4_l2a_Valkaama,1789834677.061,0.1014,0,0,0,0,0,0
CONT_s4_l2a_Valkaama,1789834677.162,0.1015,0,0,0,0,0,0
CONT_s4_l2a_Valkaama,1789834677.264,0.1015,0,0,0,0,0,0
CONT_s4_l2a_Valkaama,1789834677.365,0.1016,0,0,0,0,0,0
CONT_s4_l2a_Valkaama,1789834677.467,0.1016,0,0,0,0,0,0
CONT_s4_l2a_Valkaama,1789834677.569,0.1014,0,0,0,0,0,0
CONT_s4_l2a_Valkaama,1789834677.67,0.1015,0,0,0,0,0,0
CONT_s4_l2a_Valkaama,1789834677.771,0.1014,0,0,0,0,0,0
CONT_s4_l2a_Valkaama,1789834677.873,0.1016,0,0,0,0,0,0
CONT_s4_l2a_Valkaama,1789834677.975,0.1016,0,0,0,0,0,0
CONT_s4_l2a_Valkaama,1789834678.076,0.1014,0,0,0,0,0,0
CONT_s4_l2a_Valkaama,1789834678.177,0.1014,0,0,0,0,0,0
CONT_s4_l2a_Valkaama,1789834678.279,0.1015,0,0,0,0,0,0
CONT_s4_l2a_Valkaama,1789834678.381,0.1016,0,0,0,0,0,0
CONT_s4_l2a_Valkaama,1789834678.482,0.1017,0,0,0,0,0,0
CONT_s4_l2a_Valkaama,1789834678.584,0.1019,0,0,0,0,0,0
CONT_s4_l2a_Valkaama,1789834678.686,0.1017,0,0,0,0,0,0
CONT_s4_l2a_Valkaama,1789834678.787,0.1015,0,0,0,0,0,0
CONT_s4_l2a_Valkaama,1789834678.889,0.1016,0,0,0,0,0,0
CONT_s4_l2a_Valkaama,1789834678.991,0.1016,141,1,0,2254516.0,0,1
CONT_s4_l2a_Valkaama,1789834679.092,0.1014,0,0,0,0,0,0
CONT_s4_l2a_Valkaama,1789834679.194,0.1018,0,0,0,0,0,0
CONT_s4_l2a_Valkaama,1789834679.295,0.1015,0,0,0,0,0,0
CONT_s4_l2a_Valkaama,1789834679.397,0.1017,0,0,0,0,0,0
CONT_s4_l2a_Valkaama,1789834679.499,0.1017,0,0,0,0,0,0
CONT_s4_l2a_Valkaama,1789834679.6,0.1014,0,0,0,0,0,0
CONT_s4_l2a_Valkaama,1789834679.702,0.1014,0,0,0,0,0,0
CONT_s4_l2a_Valkaama,1789834679.803,0.1015,0,0,0,0,0,0
CONT_s4_l2a_Valkaama,1789834679.905,0.1017,0,0,0,0,0,0
CONT_s4_l2a_Valkaama,1789834680.006,0.1016,0,0,0,0,0,0
CONT_s4_l2a_Valkaama,1789834680.108,0.1014,0,0,0,0,0,0
CONT_s4_l2a_Valkaama,1789834680.209,0.1014,0,0,0,0,0,0
CONT_s4_l2a_Valkaama,1789834680.311,0.1015,0,0,0,0,0,0
CONT_s4_l2a_Valkaama,1789834680.412,0.1016,0,0,0,0,0,0
CONT_s4_l2a_Valkaama,1789834680.514,0.1016,0,0,0,0,0,0
CONT_s4_l2a_Valkaama,1789834680.615,0.1015,0,0,0,0,0,0
CONT_s4_l2a_Valkaama,1789834680.717,0.1014,0,0,0,0,0,0
CONT_s4_l2a_Valkaama,1789834680.818,0.1014,0,0,0,0,0,0
CONT_s4_l2a_Valkaama,1789834680.92,0.1016,0,0,0,0,0,0
CONT_s4_l2a_Valkaama,1789834681.021,0.1016,141,1,0,2207643.0,0,1
CONT_s4_l2a_Valkaama,1789834681.123,0.1015,0,0,0,0,0,0
CONT_s4_l2a_Valkaama,1789834681.224,0.1014,0,0,0,0,0,0
CONT_s4_l2a_Valkaama,1789834681.326,0.1014,0,0,0,0,0,0
CONT_s4_l2a_Valkaama,1789834681.427,0.1016,0,0,0,0,0,0
CONT_s4_l2a_Valkaama,1789834681.529,0.1016,0,0,0,0,0,0
CONT_s4_l2a_Valkaama,1789834681.631,0.1016,0,0,0,0,0,0
CONT_s4_l2a_Valkaama,1789834681.732,0.1015,0,0,0,0,0,0
CONT_s4_l2a_Valkaama,1789834681.834,0.1017,0,0,0,0,0,0
CONT_s4_l2a_Valkaama,1789834681.936,0.1018,0,0,0,0,0,0
CONT_s4_l2a_Valkaama,1789834682.037,0.1017,0,0,0,0,0,0
CONT_s4_l2a_Valkaama,1789834682.139,0.1015,0,0,0,0,0,0
CONT_s4_l2a_Valkaama,1789834682.24,0.1015,0,0,0,0,0,0
CONT_s4_l2a_Valkaama,1789834682.342,0.1017,0,0,0,0,0,0
CONT_s4_l2a_Valkaama,1789834682.445,0.1026,0,0,0,0,0,0
CONT_s4_l2a_Valkaama,1789834682.546,0.1015,0,0,0,0,0,0
CONT_s4_l2a_Valkaama,1789834682.648,0.1015,0,0,0,0,0,0
CONT_s4_l2a_Valkaama,1789834682.749,0.1016,0,0,0,0,0,0
CONT_s4_l2a_Valkaama,1789834682.851,0.1017,0,0,0,0,0,0
CONT_s4_l2a_Valkaama,1789834682.953,0.1022,0,0,0,0,0,0
CONT_s4_l2a_Valkaama,1789834683.055,0.1015,141,1,0,2327431.0,0,1
CONT_s4_l2a_Valkaama,1789834683.156,0.1016,0,0,0,0,0,0
CONT_s4_l2a_Valkaama,1789834683.258,0.1016,0,0,0,0,0,0
CONT_s4_l2a_Valkaama,1789834683.359,0.1017,0,0,0,0,0,0
CONT_s4_l2a_Valkaama,1789834683.461,0.1017,0,0,0,0,0,0
CONT_s4_l2a_Valkaama,1789834683.563,0.1018,0,0,0,0,0,0
CONT_s4_l2a_Valkaama,1789834683.665,0.1016,0,0,0,0,0,0
CONT_s4_l2a_Valkaama,1789834683.766,0.1015,0,0,0,0,0,0
CONT_s4_l2a_Valkaama,1789834683.868,0.1017,0,0,0,0,0,0
CONT_s4_l2a_Valkaama,1789834683.97,0.1017,0,0,0,0,0,0
CONT_s4_l2a_Valkaama,1789834684.071,0.1016,0,0,0,0,0,0
CONT_s4_l2a_Valkaama,1789834684.173,0.1016,0,0,0,0,0,0
CONT_s4_l2a_Valkaama,1789834684.274,0.1015,0,0,0,0,0,0
CONT_s4_l2a_Valkaama,1789834684.376,0.1017,0,0,0,0,0,0
CONT_s4_l2a_Valkaama,1789834684.478,0.1017,0,0,0,0,0,0
CONT_s4_l2a_Valkaama,1789834684.579,0.1015,0,0,0,0,0,0
CONT_s4_l2a_Valkaama,1789834684.681,0.1016,0,0,0,0,0,0
CONT_s4_l2a_Valkaama,1789834684.782,0.1015,0,0,0,0,0,0
CONT_s4_l2a_Valkaama,1789834684.884,0.1017,0,0,0,0,0,0
CONT_s4_l2a_Valkaama,1789834684.986,0.1017,0,0,0,0,0,0
CONT_s4_l2a_Valkaama,1789834685.087,0.1016,141,1,0,2216375.0,0,1
CONT_s4_l2a_Valkaama,1789834685.189,0.1016,0,0,0,0,0,0
CONT_s4_l2a_Valkaama,1789834685.29,0.1016,0,0,0,0,0,0
CONT_s4_l2a_Valkaama,1789834685.392,0.1017,0,0,0,0,0,0
CONT_s4_l2a_Valkaama,1789834685.494,0.1017,0,0,0,0,0,0
CONT_s4_l2a_Valkaama,1789834685.595,0.1016,0,0,0,0,0,0
CONT_s4_l2a_Valkaama,1789834685.697,0.1016,0,0,0,0,0,0
CONT_s4_l2a_Valkaama,1789834685.798,0.1015,0,0,0,0,0,0
CONT_s4_l2a_Valkaama,1789834685.9,0.1017,0,0,0,0,0,0
CONT_s4_l2a_Valkaama,1789834686.002,0.1017,0,0,0,0,0,0
CONT_s4_l2a_Valkaama,1789834686.103,0.1015,0,0,0,0,0,0
CONT_s4_l2a_Valkaama,1789834686.205,0.1015,0,0,0,0,0,0
CONT_s4_l2a_Valkaama,1789834686.306,0.1016,0,0,0,0,0,0
CONT_s4_l2a_Valkaama,1789834686.408,0.1017,0,0,0,0,0,0
CONT_s4_l2a_Valkaama,1789834686.51,0.1017,0,0,0,0,0,0
CONT_s4_l2a_Valkaama,1789834686.611,0.1015,0,0,0,0,0,0
CONT_s4_l2a_Valkaama,1789834686.713,0.1016,0,0,0,0,0,0
CONT_s4_l2a_Valkaama,1789834686.815,0.1017,0,0,0,0,0,0
CONT_s4_l2a_Valkaama,1789834686.916,0.1016,0,0,0,0,0,0
CONT_s4_l2a_Valkaama,1789834687.018,0.1017,141,1,0,2877926.0,0,1
CONT_s4_l2a_Valkaama,1789834687.12,0.1015,0,0,0,0,0,0
CONT_s4_l2a_Valkaama,1789834687.221,0.1016,0,0,0,0,0,0
CONT_s4_l2a_Valkaama,1789834687.323,0.1016,0,0,0,0,0,0
CONT_s4_l2a_Valkaama,1789834687.424,0.1016,0,0,0,0,0,0
CONT_s4_l2a_Valkaama,1789834687.526,0.1016,0,0,0,0,0,0
CONT_s4_l2a_Valkaama,1789834687.627,0.1014,0,0,0,0,0,0
CONT_s4_l2a_Valkaama,1789834687.729,0.1015,0,0,0,0,0,0
CONT_s4_l2a_Valkaama,1789834687.831,0.1024,0,0,0,0,0,0
CONT_s4_l2a_Valkaama,1789834687.933,0.1016,0,0,0,0,0,0
CONT_s4_l2a_Valkaama,1789834688.035,0.1016,0,0,0,0,0,0
CONT_s4_l2a_Valkaama,1789834688.136,0.1014,0,0,0,0,0,0
CONT_s4_l2a_Valkaama,1789834688.237,0.1015,0,0,0,0,0,0
CONT_s4_l2a_Valkaama,1789834688.339,0.1016,0,0,0,0,0,0
CONT_s4_l2a_Valkaama,1789834688.442,0.1027,0,0,0,0,0,0
CONT_s4_l2a_Valkaama,1789834688.543,0.1016,0,0,0,0,0,0
CONT_s4_l2a_Valkaama,1789834688.645,0.1015,0,0,0,0,0,0
CONT_s4_l2a_Valkaama,1789834688.746,0.1015,0,0,0,0,0,0
CONT_s4_l2a_Valkaama,1789834688.848,0.1016,0,0,0,0,0,0
CONT_s4_l2a_Valkaama,1789834688.951,0.1026,0,0,0,0,0,0
CONT_s4_l2a_Valkaama,1789834689.052,0.1015,141,1,0,2796610.0,0,1
CONT_s4_l2a_Valkaama,1789834689.154,0.1016,0,0,0,0,0,0
CONT_s4_l2a_Valkaama,1789834689.255,0.1015,0,0,0,0,0,0
CONT_s4_l2a_Valkaama,1789834689.357,0.102,0,0,0,0,0,0
CONT_s4_l2a_Valkaama,1789834689.459,0.1016,0,0,0,0,0,0
CONT_s4_l2a_Valkaama,1789834689.56,0.1015,0,0,0,0,0,0
CONT_s4_l2a_Valkaama,1789834689.662,0.1016,0,0,0,0,0,0
CONT_s4_l2a_Valkaama,1789834689.763,0.1015,0,0,0,0,0,0
CONT_s4_l2a_Valkaama,1789834689.865,0.1016,0,0,0,0,0,0
CONT_s4_l2a_Valkaama,1789834689.967,0.1016,0,0,0,0,0,0
CONT_s4_l2a_Valkaama,1789834690.068,0.1014,0,0,0,0,0,0
CONT_s4_l2a_Valkaama,1789834690.17,0.1015,0,0,0,0,0,0
CONT_s4_l2a_Valkaama,1789834690.271,0.1015,0,0,0,0,0,0
CONT_s4_l2a_Valkaama,1789834690.373,0.1016,0,0,0,0,0,0
CONT_s4_l2a_Valkaama,1789834690.474,0.1017,0,0,0,0,0,0
CONT_s4_l2a_Valkaama,1789834690.576,0.1014,0,0,0,0,0,0
CONT_s4_l2a_Valkaama,1789834690.677,0.1015,0,0,0,0,0,0
CONT_s4_l2a_Valkaama,1789834690.779,0.1015,0,0,0,0,0,0
CONT_s4_l2a_Valkaama,1789834690.88,0.1016,0,0,0,0,0,0
CONT_s4_l2a_Valkaama,1789834690.982,0.1016,0,0,0,0,0,0
CONT_s4_l2a_Valkaama,1789834691.083,0.1014,141,1,0,2777337.0,0,1
CONT_s4_l2a_Valkaama,1789834691.185,0.1015,0,0,0,0,0,0
CONT_s4_l2a_Valkaama,1789834691.286,0.1015,0,0,0,0,0,0
CONT_s4_l2a_Valkaama,1789834691.388,0.1016,0,0,0,0,0,0
CONT_s4_l2a_Valkaama,1789834691.49,0.1016,0,0,0,0,0,0
CONT_s4_l2a_Valkaama,1789834691.591,0.1014,0,0,0,0,0,0
CONT_s4_l2a_Valkaama,1789834691.693,0.1015,0,0,0,0,0,0
CONT_s4_l2a_Valkaama,1789834691.794,0.1015,0,0,0,0,0,0
CONT_s4_l2a_Valkaama,1789834691.896,0.1017,0,0,0,0,0,0
CONT_s4_l2a_Valkaama,1789834691.997,0.1016,0,0,0,0,0,0
CONT_s4_l2a_Valkaama,1789834692.099,0.1016,0,0,0,0,0,0
CONT_s4_l2a_Valkaama,1789834692.201,0.1015,0,0,0,0,0,0
CONT_s4_l2a_Valkaama,1789834692.302,0.1015,0,0,0,0,0,0
CONT_s4_l2a_Valkaama,1789834692.404,0.1016,0,0,0,0,0,0
CONT_s4_l2a_Valkaama,1789834692.505,0.1016,0,0,0,0,0,0
CONT_s4_l2a_Valkaama,1789834692.607,0.1015,0,0,0,0,0,0
CONT_s4_l2a_Valkaama,1789834692.708,0.1015,0,0,0,0,0,0
CONT_s4_l2a_Valkaama,1789834692.81,0.1016,0,0,0,0,0,0
CONT_s4_l2a_Valkaama,1789834692.911,0.1017,0,0,0,0,0,0
CONT_s4_l2a_Valkaama,1789834693.013,0.1017,141,1,0,2844093.0,0,1
CONT_s4_l2a_Valkaama,1789834693.115,0.1015,0,0,0,0,0,0
CONT_s4_l2a_Valkaama,1789834693.216,0.1015,0,0,0,0,0,0
CONT_s4_l2a_Valkaama,1789834693.318,0.1015,0,0,0,0,0,0
CONT_s4_l2a_Valkaama,1789834693.419,0.1017,0,0,0,0,0,0
CONT_s4_l2a_Valkaama,1789834693.521,0.1016,0,0,0,0,0,0
CONT_s4_l2a_Valkaama,1789834693.622,0.1015,0,0,0,0,0,0
CONT_s4_l2a_Valkaama,1789834693.724,0.1015,0,0,0,0,0,0
CONT_s4_l2a_Valkaama,1789834693.825,0.1015,0,0,0,0,0,0
CONT_s4_l2a_Valkaama,1789834693.927,0.1017,0,0,0,0,0,0
CONT_s4_l2a_Valkaama,1789834694.029,0.1016,0,0,0,0,0,0
CONT_s4_l2a_Valkaama,1789834694.13,0.1015,0,0,0,0,0,0
CONT_s4_l2a_Valkaama,1789834694.232,0.1015,0,0,0,0,0,0
CONT_s4_l2a_Valkaama,1789834694.334,0.1018,0,0,0,0,0,0
CONT_s4_l2a_Valkaama,1789834694.435,0.1016,0,0,0,0,0,0
CONT_s4_l2a_Valkaama,1789834694.537,0.1015,0,0,0,0,0,0
CONT_s4_l2a_Valkaama,1789834694.638,0.1017,0,0,0,0,0,0
CONT_s4_l2a_Valkaama,1789834694.74,0.1015,0,0,0,0,0,0
CONT_s4_l2a_Valkaama,1789834694.842,0.1018,0,0,0,0,0,0
CONT_s4_l2a_Valkaama,1789834694.944,0.1028,0,0,0,0,0,0
CONT_s4_l2a_Valkaama,1789834695.046,0.1016,141,1,0,3376547.0,0,1
CONT_s4_l2a_Valkaama,1789834695.148,0.1015,0,0,0,0,0,0
CONT_s4_l2a_Valkaama,1789834695.249,0.1015,0,0,0,0,0,0
CONT_s4_l2a_Valkaama,1789834695.351,0.1016,0,0,0,0,0,0
CONT_s4_l2a_Valkaama,1789834695.453,0.102,0,0,0,0,0,0
CONT_s4_l2a_Valkaama,1789834695.554,0.1015,0,0,0,0,0,0
CONT_s4_l2a_Valkaama,1789834695.656,0.1015,0,0,0,0,0,0
CONT_s4_l2a_Valkaama,1789834695.757,0.1016,0,0,0,0,0,0
CONT_s4_l2a_Valkaama,1789834695.859,0.1016,0,0,0,0,0,0
CONT_s4_l2a_Valkaama,1789834695.96,0.1016,0,0,0,0,0,0
CONT_s4_l2a_Valkaama,1789834696.062,0.1015,0,0,0,0,0,0
CONT_s4_l2a_Valkaama,1789834696.163,0.1015,0,0,0,0,0,0
CONT_s4_l2a_Valkaama,1789834696.265,0.1015,0,0,0,0,0,0
CONT_s4_l2a_Valkaama,1789834696.366,0.1017,0,0,0,0,0,0
CONT_s4_l2a_Valkaama,1789834696.468,0.1017,0,0,0,0,0,0
CONT_s4_l2a_Valkaama,1789834696.57,0.1014,0,0,0,0,0,0
CONT_s4_l2a_Valkaama,1789834696.671,0.1016,0,0,0,0,0,0
CONT_s4_l2a_Valkaama,1789834696.773,0.1016,0,0,0,0,0,0
CONT_s4_l2a_Valkaama,1789834696.874,0.1017,0,0,0,0,0,0
CONT_s4_l2a_Valkaama,1789834696.976,0.1017,0,0,0,0,0,0
CONT_s4_l2a_Valkaama,1789834697.078,0.1015,141,1,0,3907977.0,0,1
CONT_s4_l2a_Valkaama,1789834697.179,0.1016,0,0,0,0,0,0
CONT_s4_l2a_Valkaama,1789834697.281,0.1017,0,0,0,0,0,0
CONT_s4_l2a_Valkaama,1789834697.383,0.1016,0,0,0,0,0,0
CONT_s4_l2a_Valkaama,1789834697.484,0.1016,0,0,0,0,0,0
CONT_s4_l2a_Valkaama,1789834697.586,0.1014,0,0,0,0,0,0
CONT_s4_l2a_Valkaama,1789834697.687,0.1015,0,0,0,0,0,0
CONT_s4_l2a_Valkaama,1789834697.789,0.1015,0,0,0,0,0,0
CONT_s4_l2a_Valkaama,1789834697.89,0.1017,0,0,0,0,0,0
CONT_s4_l2a_Valkaama,1789834697.992,0.1016,0,0,0,0,0,0
CONT_s4_l2a_Valkaama,1789834698.093,0.1014,0,0,0,0,0,0
CONT_s4_l2a_Valkaama,1789834698.195,0.1015,0,0,0,0,0,0
CONT_s4_l2a_Valkaama,1789834698.296,0.1015,0,0,0,0,0,0
CONT_s4_l2a_Valkaama,1789834698.398,0.1016,0,0,0,0,0,0
CONT_s4_l2a_Valkaama,1789834698.5,0.1016,0,0,0,0,0,0
CONT_s4_l2a_Valkaama,1789834698.601,0.1014,0,0,0,0,0,0
CONT_s4_l2a_Valkaama,1789834698.703,0.1016,0,0,0,0,0,0
CONT_s4_l2a_Valkaama,1789834698.804,0.1015,0,0,0,0,0,0
CONT_s4_l2a_Valkaama,1789834698.906,0.1017,0,0,0,0,0,0
CONT_s4_l2a_Valkaama,1789834699.007,0.1017,0,0,0,0,0,0
CONT_s4_l2a_Valkaama,1789834699.109,0.1015,141,1,0,4458481.0,0,1
CONT_s4_l2a_Valkaama,1789834699.211,0.1016,0,0,0,0,0,0
CONT_s4_l2a_Valkaama,1789834699.312,0.1015,0,0,0,0,0,0
CONT_s4_l2a_Valkaama,1789834699.414,0.1016,0,0,0,0,0,0
CONT_s4_l2a_Valkaama,1789834699.516,0.1019,0,0,0,0,0,0
CONT_s4_l2a_Valkaama,1789834699.617,0.1015,0,0,0,0,0,0
CONT_s4_l2a_Valkaama,1789834699.719,0.1015,0,0,0,0,0,0
CONT_s4_l2a_Valkaama,1789834699.82,0.1014,0,0,0,0,0,0
CONT_s4_l2a_Valkaama,1789834699.922,0.1016,0,0,0,0,0,0
CONT_s4_l2a_Valkaama,1789834700.023,0.1017,0,0,0,0,0,0
CONT_s4_l2a_Valkaama,1789834700.125,0.1016,0,0,0,0,0,0
CONT_s4_l2a_Valkaama,1789834700.227,0.1016,0,0,0,0,0,0
CONT_s4_l2a_Valkaama,1789834700.331,0.104,0,0,0,0,0,0
CONT_s4_l2a_Valkaama,1789834700.432,0.1017,0,0,0,0,0,0
CONT_s4_l2a_Valkaama,1789834700.534,0.1016,0,0,0,0,0,0
CONT_s4_l2a_Valkaama,1789834700.635,0.1014,0,0,0,0,0,0
CONT_s4_l2a_Valkaama,1789834700.737,0.1016,0,0,0,0,0,0
CONT_s4_l2a_Valkaama,1789834700.839,0.1017,0,0,0,0,0,0
CONT_s4_l2a_Valkaama,1789834700.944,0.1051,0,0,0,0,0,0
CONT_s4_l2a_Valkaama,1789834701.045,0.1017,141,1,0,4602525.0,0,1
CONT_s4_l2a_Valkaama,1789834701.147,0.1016,0,0,0,0,0,0
CONT_s4_l2a_Valkaama,1789834701.248,0.1016,0,0,0,0,0,0
CONT_s4_l2a_Valkaama,1789834701.35,0.1017,0,0,0,0,0,0
CONT_s4_l2a_Valkaama,1789834701.452,0.1022,0,0,0,0,0,0
CONT_s4_l2a_Valkaama,1789834701.554,0.1014,0,0,0,0,0,0
CONT_s4_l2a_Valkaama,1789834701.655,0.1016,0,0,0,0,0,0
CONT_s4_l2a_Valkaama,1789834701.757,0.1015,0,0,0,0,0,0
CONT_s4_l2a_Valkaama,1789834701.859,0.1017,0,0,0,0,0,0
CONT_s4_l2a_Valkaama,1789834701.96,0.1016,0,0,0,0,0,0
CONT_s4_l2a_Valkaama,1789834702.062,0.1014,0,0,0,0,0,0
CONT_s4_l2a_Valkaama,1789834702.163,0.1015,0,0,0,0,0,0
CONT_s4_l2a_Valkaama,1789834702.265,0.1015,0,0,0,0,0,0
CONT_s4_l2a_Valkaama,1789834702.366,0.1016,0,0,0,0,0,0
CONT_s4_l2a_Valkaama,1789834702.468,0.1016,0,0,0,0,0,0
CONT_s4_l2a_Valkaama,1789834702.569,0.1016,0,0,0,0,0,0
CONT_s4_l2a_Valkaama,1789834702.671,0.1015,0,0,0,0,0,0
CONT_s4_l2a_Valkaama,1789834702.772,0.1015,0,0,0,0,0,0
CONT_s4_l2a_Valkaama,1789834702.874,0.1017,0,0,0,0,0,0
CONT_s4_l2a_Valkaama,1789834702.976,0.1016,198,1,0,0.0,0,1
CONT_s4_l2a_Valkaama,1789834703.077,0.1015,141,1,0,4762625.0,0,1
CONT_s4_l2a_Valkaama,1789834703.179,0.1016,0,0,0,0,0,0
CONT_s4_l2a_Valkaama,1789834703.28,0.1016,0,0,0,0,0,0
CONT_s4_l2a_Valkaama,1789834703.382,0.1018,0,0,0,0,0,0
CONT_s4_l2a_Valkaama,1789834703.484,0.1017,0,0,0,0,0,0
CONT_s4_l2a_Valkaama,1789834703.585,0.1016,0,0,0,0,0,0
CONT_s4_l2a_Valkaama,1789834703.687,0.1016,0,0,0,0,0,0
CONT_s4_l2a_Valkaama,1789834703.789,0.1015,0,0,0,0,0,0
CONT_s4_l2a_Valkaama,1789834703.89,0.1018,0,0,0,0,0,0
CONT_s4_l2a_Valkaama,1789834703.992,0.1017,198,1,0,0.0,0,1
CONT_s4_l2a_Valkaama,1789834704.094,0.1015,0,0,0,0,0,0
CONT_s4_l2a_Valkaama,1789834704.195,0.1016,0,0,0,0,0,0
CONT_s4_l2a_Valkaama,1789834704.297,0.1016,0,0,0,0,0,0
CONT_s4_l2a_Valkaama,1789834704.399,0.1018,0,0,0,0,0,0
CONT_s4_l2a_Valkaama,1789834704.5,0.1017,0,0,0,0,0,0
CONT_s4_l2a_Valkaama,1789834704.602,0.1015,0,0,0,0,0,0
CONT_s4_l2a_Valkaama,1789834704.703,0.1015,0,0,0,0,0,0
CONT_s4_l2a_Valkaama,1789834704.805,0.1016,0,0,0,0,0,0
CONT_s4_l2a_Valkaama,1789834704.907,0.1018,0,0,0,0,0,0
CONT_s4_l2a_Valkaama,1789834705.008,0.1017,198,1,0,436776.0,0,1
CONT_s4_l2a_Valkaama,1789834705.11,0.1015,141,1,0,5166529.0,0,1
CONT_s4_l2a_Valkaama,1789834705.212,0.1017,0,0,0,0,0,0
CONT_s4_l2a_Valkaama,1789834705.313,0.1016,0,0,0,0,0,0
CONT_s4_l2a_Valkaama,1789834705.415,0.1018,0,0,0,0,0,0
CONT_s4_l2a_Valkaama,1789834705.518,0.1026,0,0,0,0,0,0
CONT_s4_l2a_Valkaama,1789834705.619,0.1018,0,0,0,0,0,0
CONT_s4_l2a_Valkaama,1789834705.721,0.1017,0,0,0,0,0,0
CONT_s4_l2a_Valkaama,1789834705.823,0.1016,0,0,0,0,0,0
CONT_s4_l2a_Valkaama,1789834705.924,0.1018,0,0,0,0,0,0
CONT_s4_l2a_Valkaama,1789834706.026,0.1017,198,1,0,529114.0,0,1
CONT_s4_l2a_Valkaama,1789834706.128,0.1015,0,0,0,0,0,0
CONT_s4_l2a_Valkaama,1789834706.23,0.1024,0,0,0,0,0,0
CONT_s4_l2a_Valkaama,1789834706.332,0.1019,0,0,0,0,0,0
CONT_s4_l2a_Valkaama,1789834706.434,0.1017,0,0,0,0,0,0
CONT_s4_l2a_Valkaama,1789834706.535,0.1017,0,0,0,0,0,0
CONT_s4_l2a_Valkaama,1789834706.637,0.1018,0,0,0,0,0,0
CONT_s4_l2a_Valkaama,1789834706.739,0.1018,0,0,0,0,0,0
CONT_s4_l2a_Valkaama,1789834706.84,0.1016,0,0,0,0,0,0
CONT_s4_l2a_Valkaama,1789834706.943,0.1025,0,0,0,0,0,0
CONT_s4_l2a_Valkaama,1789834707.045,0.1016,0,0,0,0,0,0
CONT_s4_l2a_Valkaama,1789834707.146,0.1016,141,1,0,5474732.0,0,1
CONT_s4_l2a_Valkaama,1789834707.248,0.1016,0,0,0,0,0,0
CONT_s4_l2a_Valkaama,1789834707.35,0.1018,0,0,0,0,0,0
CONT_s4_l2a_Valkaama,1789834707.452,0.1023,0,0,0,0,0,0
CONT_s4_l2a_Valkaama,1789834707.553,0.1016,0,0,0,0,0,0
CONT_s4_l2a_Valkaama,1789834707.655,0.1018,0,0,0,0,0,0
CONT_s4_l2a_Valkaama,1789834707.757,0.1017,0,0,0,0,0,0
CONT_s4_l2a_Valkaama,1789834707.859,0.1017,0,0,0,0,0,0
CONT_s4_l2a_Valkaama,1789834707.96,0.1018,60,1,0,0.0,0,1
CONT_s4_l2a_Valkaama,1789834708.062,0.1017,0,0,0,0,0,0
CONT_s4_l2a_Valkaama,1789834708.164,0.1017,741,4,0,7255203.0,0,3
CONT_s4_l2a_Valkaama,1789834708.266,0.102,0,0,0,0,0,0
CONT_s4_l2a_Valkaama,1789834708.368,0.102,1784,4,0,9795041.2,0,2
CONT_s4_l2a_Valkaama,1789834708.47,0.102,2114,7,0,28086929.7,0,2
CONT_s4_l2a_Valkaama,1789834708.572,0.1019,0,0,0,0,0,0
CONT_s4_l2a_Valkaama,1789834708.674,0.102,3342,10,0,35526544.9,0,4
CONT_s4_l2a_Valkaama,1789834708.776,0.102,577,4,0,44795266.5,0,2
CONT_s4_l2a_Valkaama,1789834708.878,0.1021,5615,10,0,41460880.5,0,2
CONT_s4_l2a_Valkaama,1789834708.98,0.1021,0,0,0,0,0,0
CONT_s4_l2a_Valkaama,1789834709.082,0.1019,141,1,0,5579547.0,0,1
CONT_s4_l2a_Valkaama,1789834709.184,0.1019,0,0,0,0,0,0
CONT_s4_l2a_Valkaama,1789834709.286,0.102,0,0,0,0,0,0
CONT_s4_l2a_Valkaama,1789834709.388,0.1021,0,0,0,0,0,0
CONT_s4_l2a_Valkaama,1789834709.49,0.1021,0,0,0,0,0,0
CONT_s4_l2a_Valkaama,1789834709.592,0.1019,0,0,0,0,0,0
CONT_s4_l2a_Valkaama,1789834709.694,0.1022,2556,2,0,0.0,0,1
CONT_s4_l2a_Valkaama,1789834709.796,0.1021,0,0,0,0,0,0
CONT_s4_l2a_Valkaama,1789834709.898,0.1022,4747,9,0,23196636.4,0,3
CONT_s4_l2a_Valkaama,1789834710.0,0.1022,0,0,0,0,0,0
CONT_s4_l2a_Valkaama,1789834710.102,0.102,2683,3,0,20099707.0,0,1
CONT_s4_l2a_Valkaama,1789834710.204,0.1021,0,0,0,0,0,0
CONT_s4_l2a_Valkaama,1789834710.307,0.1021,0,0,0,0,0,0
CONT_s4_l2a_Valkaama,1789834710.409,0.1022,0,0,0,0,0,0
CONT_s4_l2a_Valkaama,1789834710.511,0.1022,221,2,0,47872046.5,0,2
CONT_s4_l2a_Valkaama,1789834710.613,0.102,7184,15,0,46364758.6,0,2
CONT_s4_l2a_Valkaama,1789834710.715,0.1021,2290,6,0,42964295.0,0,2
CONT_s4_l2a_Valkaama,1789834710.817,0.1022,12837,14,0,37654285.8,0,2
CONT_s4_l2a_Valkaama,1789834710.92,0.1022,4341,6,0,45821041.8,0,3
CONT_s4_l2a_Valkaama,1789834711.022,0.1022,2956,8,0,51149282.5,0,3
CONT_s4_l2a_Valkaama,1789834711.124,0.102,141,1,0,5239910.0,0,1
CONT_s4_l2a_Valkaama,1789834711.226,0.1022,0,0,0,0,0,0
CONT_s4_l2a_Valkaama,1789834711.331,0.1046,0,0,0,0,0,0
CONT_s4_l2a_Valkaama,1789834711.433,0.1022,13354,16,0,51243440.0,0,2
CONT_s4_l2a_Valkaama,1789834711.535,0.1022,1822,5,0,47530536.2,0,2
CONT_s4_l2a_Valkaama,1789834711.637,0.102,0,0,0,0,0,0
CONT_s4_l2a_Valkaama,1789834711.739,0.1021,0,0,0,0,0,0
CONT_s4_l2a_Valkaama,1789834711.841,0.1022,0,0,0,0,0,0
CONT_s4_l2a_Valkaama,1789834711.945,0.104,14234,15,0,62039883.3,0,2
CONT_s4_l2a_Valkaama,1789834712.047,0.1022,2949,5,0,68151909.4,0,3
CONT_s4_l2a_Valkaama,1789834712.15,0.1021,3013,5,0,55066872.6,0,2
CONT_s4_l2a_Valkaama,1789834712.252,0.1021,2910,4,0,54018019.5,0,2
CONT_s4_l2a_Valkaama,1789834712.354,0.1022,2849,3,0,54121480.7,0,2
CONT_s4_l2a_Valkaama,1789834712.456,0.1022,4987,7,0,53902182.4,0,2
CONT_s4_l2a_Valkaama,1789834712.558,0.102,2980,5,0,76999545.4,0,3
CONT_s4_l2a_Valkaama,1789834712.66,0.1022,2858,3,0,44047780.0,0,2
CONT_s4_l2a_Valkaama,1789834712.762,0.1021,3026,5,0,40749411.8,0,2
CONT_s4_l2a_Valkaama,1789834712.865,0.1022,2938,3,0,40293818.7,0,2
CONT_s4_l2a_Valkaama,1789834712.967,0.1022,4398,5,0,36955528.6,0,2
CONT_s4_l2a_Valkaama,1789834713.069,0.1022,3004,4,0,32963975.0,0,2
CONT_s4_l2a_Valkaama,1789834713.171,0.1022,3202,6,0,24808129.8,0,3
CONT_s4_l2a_Valkaama,1789834713.273,0.1021,2996,4,0,25415509.0,0,2
CONT_s4_l2a_Valkaama,1789834713.376,0.1022,2935,3,0,28694785.0,0,2
CONT_s4_l2a_Valkaama,1789834713.478,0.1022,1498,2,0,29499235.5,0,2
CONT_s4_l2a_Valkaama,1789834713.58,0.102,5911,7,0,43988663.0,0,3
CONT_s4_l2a_Valkaama,1789834713.682,0.1022,3062,5,0,26894890.4,0,2
CONT_s4_l2a_Valkaama,1789834713.784,0.1022,2644,4,0,24351439.0,0,2
CONT_s4_l2a_Valkaama,1789834713.886,0.1022,3050,5,0,57981377.8,0,3
CONT_s4_l2a_Valkaama,1789834713.989,0.1022,3064,5,0,58776036.0,0,3
CONT_s4_l2a_Valkaama,1789834714.091,0.102,4503,6,0,23457842.0,0,2
CONT_s4_l2a_Valkaama,1789834714.193,0.1021,3172,7,0,103675558.6,0,4
CONT_s4_l2a_Valkaama,1789834714.295,0.1021,2939,3,0,25641249.7,0,2
CONT_s4_l2a_Valkaama,1789834714.397,0.1022,2939,3,0,30111819.7,0,2
CONT_s4_l2a_Valkaama,1789834714.499,0.1022,3004,4,0,27325305.5,0,2
CONT_s4_l2a_Valkaama,1789834714.601,0.102,3004,4,0,24424960.0,0,2
CONT_s4_l2a_Valkaama,1789834714.703,0.1021,1523,2,0,22923195.5,0,2
CONT_s4_l2a_Valkaama,1789834714.806,0.1022,5813,5,0,35251262.8,0,2
CONT_s4_l2a_Valkaama,1789834714.908,0.1022,3074,5,0,26182573.6,0,2
CONT_s4_l2a_Valkaama,1789834715.01,0.1023,2567,4,0,26238357.0,0,2
CONT_s4_l2a_Valkaama,1789834715.112,0.102,3166,5,0,19521943.0,0,3
CONT_s4_l2a_Valkaama,1789834715.214,0.1021,2981,3,0,29045285.3,0,2
CONT_s4_l2a_Valkaama,1789834715.316,0.1021,4496,5,0,32294485.4,0,2
CONT_s4_l2a_Valkaama,1789834715.419,0.1022,1519,2,0,28584782.0,0,2
CONT_s4_l2a_Valkaama,1789834715.521,0.1022,4496,5,0,33674214.2,0,2
CONT_s4_l2a_Valkaama,1789834715.623,0.102,3038,4,0,27682018.0,0,2
CONT_s4_l2a_Valkaama,1789834715.725,0.1021,2977,3,0,33951871.0,0,2
CONT_s4_l2a_Valkaama,1789834715.827,0.1025,2977,3,0,37485199.0,0,2
CONT_s4_l2a_Valkaama,1789834715.93,0.1023,3038,4,0,31758076.5,0,2
CONT_s4_l2a_Valkaama,1789834716.032,0.1022,4834,13,0,29091454.7,0,2
CONT_s4_l2a_Valkaama,1789834716.134,0.102,1714,3,0,32108815.0,0,2
CONT_s4_l2a_Valkaama,1789834716.236,0.1021,0,0,0,0,0,0
CONT_s4_l2a_Valkaama,1789834716.338,0.1022,0,0,0,0,0,0
CONT_s4_l2a_Valkaama,1789834716.441,0.1031,0,0,0,0,0,0
CONT_s4_l2a_Valkaama,1789834716.543,0.1022,14641,11,0,50439117.5,0,2
CONT_s4_l2a_Valkaama,1789834716.646,0.1021,3111,5,0,51594251.8,0,2
CONT_s4_l2a_Valkaama,1789834716.748,0.1021,417,2,0,49144481.0,0,2
CONT_s4_l2a_Valkaama,1789834716.85,0.1022,6063,7,0,57946317.7,0,2
CONT_s4_l2a_Valkaama,1789834716.953,0.1033,3064,4,0,54148152.0,0,2
CONT_s4_l2a_Valkaama,1789834717.055,0.1021,3064,4,0,48496410.0,0,2
CONT_s4_l2a_Valkaama,1789834717.157,0.1022,1673,3,0,32005628.0,0,3
CONT_s4_l2a_Valkaama,1789834717.26,0.1021,4533,5,0,46221607.8,0,2
CONT_s4_l2a_Valkaama,1789834717.362,0.1022,3064,4,0,41138503.0,0,2
CONT_s4_l2a_Valkaama,1789834717.464,0.1022,3069,4,0,36194557.0,0,2
CONT_s4_l2a_Valkaama,1789834717.566,0.1022,4470,4,0,38853265.5,0,2
CONT_s4_l2a_Valkaama,1789834717.668,0.1022,3001,3,0,41713257.3,0,2
CONT_s4_l2a_Valkaama,1789834717.77,0.1022,3127,5,0,38828812.4,0,2
CONT_s4_l2a_Valkaama,1789834717.873,0.1022,3064,4,0,34751064.5,0,2
CONT_s4_l2a_Valkaama,1789834717.975,0.1022,1530,2,0,32989301.0,0,2
CONT_s4_l2a_Valkaama,1789834718.077,0.102,4468,4,0,39110258.2,0,2
CONT_s4_l2a_Valkaama,1789834718.179,0.1022,1530,2,0,40144987.0,0,2
CONT_s4_l2a_Valkaama,1789834718.281,0.1022,4529,5,0,42425884.0,0,2
CONT_s4_l2a_Valkaama,1789834718.384,0.1021,3385,6,0,38702019.0,0,2
CONT_s4_l2a_Valkaama,1789834718.486,0.1022,3060,4,0,34032187.0,0,2
CONT_s4_l2a_Valkaama,1789834718.588,0.102,4469,4,0,35861382.2,0,2
CONT_s4_l2a_Valkaama,1789834718.69,0.1021,3129,5,0,35824664.4,0,2
CONT_s4_l2a_Valkaama,1789834718.792,0.1022,3127,5,0,31155897.0,0,2
CONT_s4_l2a_Valkaama,1789834718.894,0.1022,3001,3,0,34523914.7,0,2
CONT_s4_l2a_Valkaama,1789834718.996,0.1022,1589,3,0,35401324.3,0,2
CONT_s4_l2a_Valkaama,1789834719.099,0.1021,4529,5,0,39167222.4,0,2
CONT_s4_l2a_Valkaama,1789834719.201,0.1022,3201,5,0,27878873.2,0,3
CONT_s4_l2a_Valkaama,1789834719.303,0.1023,4534,9,0,30726580.4,0,2
CONT_s4_l2a_Valkaama,1789834719.405,0.1022,1878,6,0,28926495.0,0,2
CONT_s4_l2a_Valkaama,1789834719.507,0.1022,0,0,0,0,0,0
CONT_s4_l2a_Valkaama,1789834719.61,0.102,0,0,0,0,0,0
CONT_s4_l2a_Valkaama,1789834719.712,0.1021,0,0,0,0,0,0
CONT_s4_l2a_Valkaama,1789834719.814,0.1021,13282,10,0,48767156.9,0,2
CONT_s4_l2a_Valkaama,1789834719.916,0.1025,0,0,0,0,0,0
CONT_s4_l2a_Valkaama,1789834720.018,0.1022,0,0,0,0,0,0
CONT_s4_l2a_Valkaama,1789834720.121,0.1022,0,0,0,0,0,0
CONT_s4_l2a_Valkaama,1789834720.223,0.1022,0,0,0,0,0,0
CONT_s4_l2a_Valkaama,1789834720.325,0.1022,14750,11,0,57397951.4,0,2
CONT_s4_l2a_Valkaama,1789834720.427,0.1022,0,0,0,0,0,0
CONT_s4_l2a_Valkaama,1789834720.53,0.1022,6285,8,0,60410842.5,0,2
CONT_s4_l2a_Valkaama,1789834720.632,0.102,0,0,0,0,0,0
CONT_s4_l2a_Valkaama,1789834720.734,0.1023,7406,6,0,66317729.2,0,2
CONT_s4_l2a_Valkaama,1789834720.836,0.1022,3060,4,0,69056775.0,0,2
CONT_s4_l2a_Valkaama,1789834720.938,0.1022,0,0,0,0,0,0
CONT_s4_l2a_Valkaama,1789834721.041,0.1023,7593,9,0,71698939.0,0,2
CONT_s4_l2a_Valkaama,1789834721.143,0.1022,1736,4,0,54375631.0,0,3
CONT_s4_l2a_Valkaama,1789834721.245,0.1022,3001,3,0,66223463.7,0,2
CONT_s4_l2a_Valkaama,1789834721.347,0.1023,0,0,0,0,0,0
CONT_s4_l2a_Valkaama,1789834721.45,0.1031,7408,6,0,69590882.8,0,2
CONT_s4_l2a_Valkaama,1789834721.553,0.102,3064,4,0,70957060.0,0,2
CONT_s4_l2a_Valkaama,1789834721.655,0.1022,3167,10,0,54464452.4,0,2
CONT_s4_l2a_Valkaama,1789834721.757,0.1022,0,0,0,0,0,0
CONT_s4_l2a_Valkaama,1789834721.859,0.1024,0,0,0,0,0,0
CONT_s4_l2a_Valkaama,1789834721.961,0.1022,0,0,0,0,0,0
CONT_s4_l2a_Valkaama,1789834722.064,0.1021,13282,10,0,60395166.1,0,2
CONT_s4_l2a_Valkaama,1789834722.166,0.1021,0,0,0,0,0,0
CONT_s4_l2a_Valkaama,1789834722.268,0.1022,0,0,0,0,0,0
CONT_s4_l2a_Valkaama,1789834722.37,0.1021,0,0,0,0,0,0
CONT_s4_l2a_Valkaama,1789834722.472,0.1022,0,0,0,0,0,0
CONT_s4_l2a_Valkaama,1789834722.574,0.102,14750,11,0,64723357.8,0,2
CONT_s4_l2a_Valkaama,1789834722.676,0.1021,0,0,0,0,0,0
CONT_s4_l2a_Valkaama,1789834722.778,0.102,6223,7,0,65291643.0,0,2
CONT_s4_l2a_Valkaama,1789834722.88,0.1022,0,0,0,0,0,0
CONT_s4_l2a_Valkaama,1789834722.983,0.1022,7345,5,0,66191933.0,0,1
CONT_s4_l2a_Valkaama,1789834723.085,0.102,3121,5,0,79835968.2,0,2
CONT_s4_l2a_Valkaama,1789834723.187,0.1021,141,1,0,5187059.0,0,1
CONT_s4_l2a_Valkaama,1789834723.289,0.1021,0,0,0,0,0,0
CONT_s4_l2a_Valkaama,1789834723.391,0.1022,9188,12,0,73966978.5,0,2
CONT_s4_l2a_Valkaama,1789834723.493,0.1022,2908,4,0,64688130.0,0,2
CONT_s4_l2a_Valkaama,1789834723.596,0.1022,0,0,0,0,0,0
CONT_s4_l2a_Valkaama,1789834723.698,0.102,8159,10,0,66992469.9,0,2
CONT_s4_l2a_Valkaama,1789834723.8,0.1023,0,0,0,0,0,0
CONT_s4_l2a_Valkaama,1789834723.902,0.1022,0,0,0,0,0,0
CONT_s4_l2a_Valkaama,1789834724.004,0.1022,0,0,0,0,0,0
CONT_s4_l2a_Valkaama,1789834724.106,0.102,0,0,0,0,0,0
CONT_s4_l2a_Valkaama,1789834724.209,0.1023,14992,15,0,77591079.0,0,2
CONT_s4_l2a_Valkaama,1789834724.311,0.1021,2999,3,0,76448778.0,0,2
CONT_s4_l2a_Valkaama,1789834724.413,0.1022,1530,2,0,80635863.0,0,2
CONT_s4_l2a_Valkaama,1789834724.515,0.1022,0,0,0,0,0,0
CONT_s4_l2a_Valkaama,1789834724.617,0.102,0,0,0,0,0,0
CONT_s4_l2a_Valkaama,1789834724.719,0.1022,11813,9,0,69201133.2,0,2
CONT_s4_l2a_Valkaama,1789834724.822,0.1022,3293,5,0,82946276.0,0,2
CONT_s4_l2a_Valkaama,1789834724.924,0.1022,0,0,0,0,0,0
CONT_s4_l2a_Valkaama,1789834725.026,0.1022,0,0,0,0,0,0
CONT_s4_l2a_Valkaama,1789834725.128,0.1022,0,0,0,0,0,0
CONT_s4_l2a_Valkaama,1789834725.233,0.1047,11954,10,0,65820083.7,0,3
CONT_s4_l2a_Valkaama,1789834725.336,0.1028,1530,2,0,100943051.0,0,2
CONT_s4_l2a_Valkaama,1789834725.438,0.1023,0,0,0,0,0,0
CONT_s4_l2a_Valkaama,1789834725.54,0.1022,0,0,0,0,0,0
CONT_s4_l2a_Valkaama,1789834725.642,0.1022,0,0,0,0,0,0
CONT_s4_l2a_Valkaama,1789834725.745,0.1022,15064,16,0,89088365.5,0,2
CONT_s4_l2a_Valkaama,1789834725.847,0.1023,0,0,0,0,0,0
CONT_s4_l2a_Valkaama,1789834725.95,0.1034,6315,8,0,77190745.0,0,2
CONT_s4_l2a_Valkaama,1789834726.053,0.1022,0,0,0,0,0,0
CONT_s4_l2a_Valkaama,1789834726.155,0.1022,5939,5,0,78458610.8,0,2
CONT_s4_l2a_Valkaama,1789834726.257,0.1022,3601,8,0,83016695.0,0,2
CONT_s4_l2a_Valkaama,1789834726.359,0.1024,0,0,0,0,0,0
CONT_s4_l2a_Valkaama,1789834726.462,0.1022,0,0,0,0,0,0
CONT_s4_l2a_Valkaama,1789834726.564,0.1021,0,0,0,0,0,0
CONT_s4_l2a_Valkaama,1789834726.666,0.1021,13282,10,0,68959463.8,0,2
CONT_s4_l2a_Valkaama,1789834726.768,0.1021,1530,2,0,101250138.0,0,2
CONT_s4_l2a_Valkaama,1789834726.87,0.1022,0,0,0,0,0,0
CONT_s4_l2a_Valkaama,1789834726.972,0.1022,0,0,0,0,0,0
CONT_s4_l2a_Valkaama,1789834727.075,0.1022,0,0,0,0,0,0
CONT_s4_l2a_Valkaama,1789834727.177,0.1021,141,1,0,5531821.0,0,1
CONT_s4_l2a_Valkaama,1789834727.279,0.1022,16407,15,0,87304469.5,0,2
CONT_s4_l2a_Valkaama,1789834727.381,0.1022,3287,5,0,75017271.8,0,2
CONT_s4_l2a_Valkaama,1789834727.483,0.1023,0,0,0,0,0,0
CONT_s4_l2a_Valkaama,1789834727.585,0.102,0,0,0,0,0,0
CONT_s4_l2a_Valkaama,1789834727.687,0.1021,10283,7,0,63468231.0,0,1
CONT_s4_l2a_Valkaama,1789834727.79,0.1021,3128,5,0,115293062.6,0,2
CONT_s4_l2a_Valkaama,1789834727.892,0.1023,3066,4,0,101525723.5,0,2
CONT_s4_l2a_Valkaama,1789834727.994,0.1024,3070,4,0,91874742.0,0,2
CONT_s4_l2a_Valkaama,1789834728.096,0.1021,0,0,0,0,0,0
CONT_s4_l2a_Valkaama,1789834728.199,0.1022,0,0,0,0,0,0
CONT_s4_l2a_Valkaama,1789834728.301,0.1021,9013,9,0,85458428.0,0,2
CONT_s4_l2a_Valkaama,1789834728.403,0.1023,3005,3,0,86657416.3,0,2
CONT_s4_l2a_Valkaama,1789834728.505,0.1024,3454,7,0,79530466.4,0,2
CONT_s4_l2a_Valkaama,1789834728.608,0.1022,1536,2,0,81143312.0,0,2
CONT_s4_l2a_Valkaama,1789834728.71,0.1022,5943,5,0,68719269.0,0,2
CONT_s4_l2a_Valkaama,1789834728.812,0.1023,0,0,0,0,0,0
CONT_s4_l2a_Valkaama,1789834728.914,0.1023,6004,6,0,76427181.0,0,2
CONT_s4_l2a_Valkaama,1789834729.017,0.1023,3060,4,0,73398033.5,0,2
CONT_s4_l2a_Valkaama,1789834729.119,0.1022,0,0,0,0,0,0
CONT_s4_l2a_Valkaama,1789834729.221,0.1022,141,1,0,5691702.0,0,1
CONT_s4_l2a_Valkaama,1789834729.323,0.1022,7406,6,0,66307132.0,0,2
CONT_s4_l2a_Valkaama,1789834729.425,0.1023,4468,4,0,72605416.0,0,2
CONT_s4_l2a_Valkaama,1789834729.528,0.1023,2423,7,0,69161282.7,0,2
CONT_s4_l2a_Valkaama,1789834729.63,0.1021,0,0,0,0,0,0
CONT_s4_l2a_Valkaama,1789834729.732,0.1023,0,0,0,0,0,0
CONT_s4_l2a_Valkaama,1789834729.835,0.1027,0,0,0,0,0,0
CONT_s4_l2a_Valkaama,1789834729.939,0.1041,14812,12,0,71009643.2,0,2
CONT_s4_l2a_Valkaama,1789834730.041,0.1023,3357,6,0,77456299.5,0,2
CONT_s4_l2a_Valkaama,1789834730.144,0.1023,1531,2,0,74969810.5,0,2
CONT_s4_l2a_Valkaama,1789834730.246,0.1022,4532,5,0,73010521.2,0,2
CONT_s4_l2a_Valkaama,1789834730.348,0.1023,3064,4,0,70309049.0,0,2
CONT_s4_l2a_Valkaama,1789834730.451,0.1034,3064,4,0,61899591.0,0,2
CONT_s4_l2a_Valkaama,1789834730.554,0.1022,3064,4,0,54411841.5,0,2
CONT_s4_l2a_Valkaama,1789834730.656,0.1022,3064,4,0,48763356.5,0,2
CONT_s4_l2a_Valkaama,1789834730.758,0.1021,4533,5,0,39295793.4,0,2
CONT_s4_l2a_Valkaama,1789834730.86,0.1022,3132,5,0,37435208.8,0,2
CONT_s4_l2a_Valkaama,1789834730.962,0.1023,3001,3,0,35736463.7,0,2
CONT_s4_l2a_Valkaama,1789834731.064,0.1021,3064,4,0,36695992.0,0,2
CONT_s4_l2a_Valkaama,1789834731.167,0.1022,3205,5,0,26934746.0,0,3
CONT_s4_l2a_Valkaama,1789834731.269,0.1021,3062,4,0,28392443.0,0,2
CONT_s4_l2a_Valkaama,1789834731.371,0.1023,3060,4,0,25458616.0,0,2
CONT_s4_l2a_Valkaama,1789834731.473,0.1022,0,0,0,0,0,0
CONT_s4_l2a_Valkaama,1789834731.575,0.102,7467,7,0,30874359.3,0,2
CONT_s4_l2a_Valkaama,1789834731.677,0.102,3121,5,0,28309767.0,0,2
CONT_s4_l2a_Valkaama,1789834731.779,0.102,3324,5,0,27075784.8,0,2
CONT_s4_l2a_Valkaama,1789834731.882,0.1022,3126,5,0,23842312.0,0,2
CONT_s4_l2a_Valkaama,1789834731.984,0.1023,3062,4,0,20880023.0,0,2
CONT_s4_l2a_Valkaama,1789834732.086,0.102,3062,4,0,18360810.0,0,2
CONT_s4_l2a_Valkaama,1789834732.188,0.1022,3064,4,0,16831117.0,0,2
CONT_s4_l2a_Valkaama,1789834732.29,0.1022,1532,2,0,15793245.5,0,2
CONT_s4_l2a_Valkaama,1789834732.393,0.1023,3001,3,0,20093408.7,0,2
CONT_s4_l2a_Valkaama,1789834732.495,0.1023,3001,3,0,25349431.3,0,2
CONT_s4_l2a_Valkaama,1789834732.597,0.102,6002,6,0,29044813.3,0,2
CONT_s4_l2a_Valkaama,1789834732.699,0.1021,3064,4,0,23463781.5,0,2
CONT_s4_l2a_Valkaama,1789834732.801,0.1021,1761,7,0,20816997.9,0,2
CONT_s4_l2a_Valkaama,1789834732.903,0.1023,0,0,0,0,0,0
CONT_s4_l2a_Valkaama,1789834733.006,0.1022,0,0,0,0,0,0
CONT_s4_l2a_Valkaama,1789834733.108,0.102,0,0,0,0,0,0
CONT_s4_l2a_Valkaama,1789834733.21,0.1021,13423,11,0,42291826.5,0,3
CONT_s4_l2a_Valkaama,1789834733.312,0.1021,1530,2,0,53249364.5,0,2
CONT_s4_l2a_Valkaama,1789834733.414,0.1023,0,0,0,0,0,0
CONT_s4_l2a_Valkaama,1789834733.516,0.1022,0,0,0,0,0,0
CONT_s4_l2a_Valkaama,1789834733.618,0.1021,0,0,0,0,0,0
CONT_s4_l2a_Valkaama,1789834733.721,0.1021,14750,11,0,57865713.2,0,2
CONT_s4_l2a_Valkaama,1789834733.823,0.1022,1530,2,0,77998512.5,0,2
CONT_s4_l2a_Valkaama,1789834733.926,0.1032,3285,5,0,60056050.0,0,2
CONT_s4_l2a_Valkaama,1789834734.028,0.1021,0,0,0,0,0,0
CONT_s4_l2a_Valkaama,1789834734.13,0.1021,0,0,0,0,0,0
CONT_s4_l2a_Valkaama,1789834734.232,0.1023,10344,8,0,65644507.2,0,2
CONT_s4_l2a_Valkaama,1789834734.335,0.1024,3060,4,0,82439065.5,0,2
CONT_s4_l2a_Valkaama,1789834734.438,0.1035,0,0,0,0,0,0
CONT_s4_l2a_Valkaama,1789834734.541,0.1023,0,0,0,0,0,0
CONT_s4_l2a_Valkaama,1789834734.643,0.1021,10594,12,0,80994769.8,0,2
CONT_s4_l2a_Valkaama,1789834734.745,0.1022,3064,4,0,77105352.5,0,2
CONT_s4_l2a_Valkaama,1789834734.847,0.1023,0,0,0,0,0,0
CONT_s4_l2a_Valkaama,1789834734.951,0.1034,5939,5,0,68514881.0,0,2
CONT_s4_l2a_Valkaama,1789834735.053,0.1021,1842,4,0,67970961.2,0,2
CONT_s4_l2a_Valkaama,1789834735.155,0.1021,4538,5,0,75075192.6,0,2
CONT_s4_l2a_Valkaama,1789834735.257,0.1021,1673,3,0,51331417.3,0,3
CONT_s4_l2a_Valkaama,1789834735.359,0.1022,5876,4,0,59711153.0,0,1
CONT_s4_l2a_Valkaama,1789834735.461,0.1024,1595,3,0,84592990.7,0,2
CONT_s4_l2a_Valkaama,1789834735.564,0.1022,4470,4,0,70443683.0,0,2
CONT_s4_l2a_Valkaama,1789834735.666,0.1021,3060,4,0,74213136.5,0,2
CONT_s4_l2a_Valkaama,1789834735.768,0.1021,0,0,0,0,0,0
CONT_s4_l2a_Valkaama,1789834735.87,0.1022,5937,5,0,67367656.8,0,2
CONT_s4_l2a_Valkaama,1789834735.972,0.1023,1530,2,0,78058493.5,0,2
CONT_s4_l2a_Valkaama,1789834736.074,0.102,5565,7,0,60401949.4,0,2
CONT_s4_l2a_Valkaama,1789834736.177,0.1021,61,1,0,101455401.0,0,1
CONT_s4_l2a_Valkaama,1789834736.279,0.1021,0,0,0,0,0,0
CONT_s4_l2a_Valkaama,1789834736.381,0.1022,0,0,0,0,0,0
CONT_s4_l2a_Valkaama,1789834736.483,0.1022,0,0,0,0,0,0
CONT_s4_l2a_Valkaama,1789834736.585,0.102,15379,13,0,72372302.0,0,2
CONT_s4_l2a_Valkaama,1789834736.687,0.1022,3121,5,0,94837613.6,0,2
CONT_s4_l2a_Valkaama,1789834736.789,0.1021,3060,4,0,78054194.0,0,2
CONT_s4_l2a_Valkaama,1789834736.892,0.1022,3060,4,0,68659829.5,0,2
CONT_s4_l2a_Valkaama,1789834736.994,0.1022,3060,4,0,60388263.0,0,2
CONT_s4_l2a_Valkaama,1789834737.096,0.102,3060,4,0,53125884.5,0,2
CONT_s4_l2a_Valkaama,1789834737.198,0.1021,4670,6,0,36234389.0,0,3
CONT_s4_l2a_Valkaama,1789834737.3,0.1021,3291,5,0,39676885.0,0,2
CONT_s4_l2a_Valkaama,1789834737.402,0.1024,1591,3,0,44023297.0,0,2
CONT_s4_l2a_Valkaama,1789834737.505,0.1022,0,0,0,0,0,0
CONT_s4_l2a_Valkaama,1789834737.607,0.102,0,0,0,0,0,0
CONT_s4_l2a_Valkaama,1789834737.709,0.1021,0,0,0,0,0,0
CONT_s4_l2a_Valkaama,1789834737.811,0.1021,0,0,0,0,0,0
CONT_s4_l2a_Valkaama,1789834737.913,0.1023,1374,6,0,80957492.0,0,2
CONT_s4_l2a_Valkaama,1789834738.015,0.1022,0,0,0,0,0,0
CONT_s4_l2a_Valkaama,1789834738.117,0.102,0,0,0,0,0,0
CONT_s4_l2a_Valkaama,1789834738.22,0.1022,0,0,0,0,0,0
CONT_s4_l2a_Valkaama,1789834738.322,0.1021,0,0,0,0,0,0
CONT_s4_l2a_Valkaama,1789834738.424,0.1023,0,0,0,0,0,0
CONT_s4_l2a_Valkaama,1789834738.526,0.1022,0,0,0,0,0,0
CONT_s4_l2a_Valkaama,1789834738.628,0.102,0,0,0,0,0,0
CONT_s4_l2a_Valkaama,1789834738.73,0.1021,0,0,0,0,0,0
CONT_s4_l2a_Valkaama,1789834738.833,0.1028,0,0,0,0,0,0
CONT_s4_l2a_Valkaama,1789834738.935,0.1023,0,0,0,0,0,0
CONT_s4_l2a_Valkaama,1789834739.038,0.1022,0,0,0,0,0,0
CONT_s4_l2a_Valkaama,1789834739.14,0.1021,0,0,0,0,0,0
CONT_s4_l2a_Valkaama,1789834739.242,0.1022,141,1,0,5163595.0,0,1
CONT_s4_l2a_Valkaama,1789834739.344,0.1023,0,0,0,0,0,0
CONT_s4_l2a_Valkaama,1789834739.447,0.1033,0,0,0,0,0,0
CONT_s4_l2a_Valkaama,1789834739.549,0.1021,0,0,0,0,0,0
CONT_s4_l2a_Valkaama,1789834739.652,0.1021,0,0,0,0,0,0
CONT_s4_l2a_Valkaama,1789834739.754,0.1021,0,0,0,0,0,0
CONT_s4_l2a_Valkaama,1789834739.856,0.1022,0,0,0,0,0,0
CONT_s4_l2a_Valkaama,1789834739.958,0.1022,0,0,0,0,0,0
CONT_s4_l2a_Valkaama,1789834740.06,0.1021,0,0,0,0,0,0
CONT_s4_l2a_Valkaama,1789834740.162,0.1021,0,0,0,0,0,0
CONT_s4_l2a_Valkaama,1789834740.264,0.1022,0,0,0,0,0,0
CONT_s4_l2a_Valkaama,1789834740.367,0.1024,0,0,0,0,0,0
CONT_s4_l2a_Valkaama,1789834740.469,0.1022,16972,16,0,220627549.0,0,2
CONT_s4_l2a_Valkaama,1789834740.571,0.1021,4529,5,0,207143569.0,0,2
CONT_s4_l2a_Valkaama,1789834740.673,0.1021,3060,4,0,194253672.0,0,2
CONT_s4_l2a_Valkaama,1789834740.775,0.1021,3121,5,0,172853083.2,0,2
CONT_s4_l2a_Valkaama,1789834740.878,0.1022,3060,4,0,144029419.5,0,2
CONT_s4_l2a_Valkaama,1789834740.98,0.1022,3060,4,0,126608901.0,0,2
CONT_s4_l2a_Valkaama,1789834741.082,0.102,3293,5,0,105080506.2,0,2
CONT_s4_l2a_Valkaama,1789834741.184,0.1021,3062,4,0,98298214.5,0,2
CONT_s4_l2a_Valkaama,1789834741.286,0.1021,3208,5,0,70115131.8,0,3
CONT_s4_l2a_Valkaama,1789834741.388,0.1024,3064,4,0,76726943.0,0,2
CONT_s4_l2a_Valkaama,1789834741.491,0.1023,4533,5,0,62028198.4,0,2
CONT_s4_l2a_Valkaama,1789834741.593,0.1021,3129,5,0,59272799.8,0,2
CONT_s4_l2a_Valkaama,1789834741.695,0.1022,3184,6,0,51580019.5,0,2
CONT_s4_l2a_Valkaama,1789834741.798,0.1024,3064,4,0,45645142.0,0,2
CONT_s4_l2a_Valkaama,1789834741.9,0.1028,3064,4,0,40147090.5,0,2
CONT_s4_l2a_Valkaama,1789834742.003,0.1023,1532,2,0,37680867.5,0,2
CONT_s4_l2a_Valkaama,1789834742.105,0.102,4533,5,0,39604693.6,0,2
CONT_s4_l2a_Valkaama,1789834742.207,0.1022,3321,5,0,36833717.2,0,2
CONT_s4_l2a_Valkaama,1789834742.309,0.1021,3069,4,0,33954433.0,0,2
CONT_s4_l2a_Valkaama,1789834742.411,0.1023,3064,4,0,29879572.0,0,2
CONT_s4_l2a_Valkaama,1789834742.514,0.1024,1532,2,0,28024032.5,0,2
CONT_s4_l2a_Valkaama,1789834742.616,0.1021,5939,5,0,33630298.8,0,2
CONT_s4_l2a_Valkaama,1789834742.718,0.1021,3064,4,0,33774847.5,0,2
CONT_s4_l2a_Valkaama,1789834742.82,0.1021,3123,5,0,29339442.2,0,2
CONT_s4_l2a_Valkaama,1789834742.922,0.1023,3060,4,0,25265638.0,0,2
CONT_s4_l2a_Valkaama,1789834743.024,0.1022,0,0,0,0,0,0
CONT_s4_l2a_Valkaama,1789834743.126,0.102,6124,8,0,34330743.0,0,2
CONT_s4_l2a_Valkaama,1789834743.229,0.1029,3466,6,0,27336157.3,0,3
CONT_s4_l2a_Valkaama,1789834743.333,0.1033,3069,4,0,28630335.5,0,2
CONT_s4_l2a_Valkaama,1789834743.435,0.1023,3064,4,0,25195660.5,0,2
CONT_s4_l2a_Valkaama,1789834743.537,0.1022,4533,5,0,21161135.0,0,2
CONT_s4_l2a_Valkaama,1789834743.639,0.1021,1917,8,0,19272626.0,0,2
CONT_s4_l2a_Valkaama,1789834743.741,0.1021,0,0,0,0,0,0
CONT_s4_l2a_Valkaama,1789834743.844,0.1022,0,0,0,0,0,0
CONT_s4_l2a_Valkaama,1789834743.947,0.1035,0,0,0,0,0,0
CONT_s4_l2a_Valkaama,1789834744.049,0.1022,0,0,0,0,0,0
CONT_s4_l2a_Valkaama,1789834744.151,0.102,0,0,0,0,0,0
CONT_s4_l2a_Valkaama,1789834744.253,0.1021,0,0,0,0,0,0
CONT_s4_l2a_Valkaama,1789834744.356,0.1022,0,0,0,0,0,0
CONT_s4_l2a_Valkaama,1789834744.458,0.1022,0,0,0,0,0,0
CONT_s4_l2a_Valkaama,1789834744.56,0.1022,0,0,0,0,0,0
CONT_s4_l2a_Valkaama,1789834744.662,0.1021,16975,16,0,82785264.8,0,2
CONT_s4_l2a_Valkaama,1789834744.764,0.1021,2999,3,0,79265394.7,0,2
CONT_s4_l2a_Valkaama,1789834744.867,0.1023,3121,5,0,78309883.8,0,2
CONT_s4_l2a_Valkaama,1789834744.969,0.1022,3060,4,0,65526640.0,0,2
CONT_s4_l2a_Valkaama,1789834745.071,0.102,3060,4,0,57671906.0,0,2
CONT_s4_l2a_Valkaama,1789834745.173,0.102,3060,4,0,50757837.0,0,2
CONT_s4_l2a_Valkaama,1789834745.275,0.1022,3520,7,0,38443406.1,0,3
CONT_s4_l2a_Valkaama,1789834745.377,0.1023,3060,4,0,40611985.0,0,2
CONT_s4_l2a_Valkaama,1789834745.48,0.1022,3065,4,0,35755620.5,0,2
CONT_s4_l2a_Valkaama,1789834745.582,0.102,4468,4,0,36240623.2,0,2
CONT_s4_l2a_Valkaama,1789834745.684,0.1021,3121,5,0,35771335.4,0,2
CONT_s4_l2a_Valkaama,1789834745.786,0.1021,3060,4,0,30530066.5,0,2
CONT_s4_l2a_Valkaama,1789834745.888,0.1023,3060,4,0,27292769.0,0,2
CONT_s4_l2a_Valkaama,1789834745.99,0.1022,2999,3,0,29416995.3,0,2
CONT_s4_l2a_Valkaama,1789834746.092,0.102,2999,3,0,33779091.0,0,2
CONT_s4_l2a_Valkaama,1789834746.195,0.1022,3060,4,0,31452000.0,0,2
CONT_s4_l2a_Valkaama,1789834746.297,0.1021,3060,4,0,27671151.0,0,2
CONT_s4_l2a_Valkaama,1789834746.399,0.1024,3347,5,0,25375522.6,0,2
CONT_s4_l2a_Valkaama,1789834746.501,0.1022,1530,2,0,24650224.0,0,2
CONT_s4_l2a_Valkaama,1789834746.603,0.102,6129,8,0,28597472.0,0,2
CONT_s4_l2a_Valkaama,1789834746.705,0.1021,3001,3,0,26655475.3,0,2
CONT_s4_l2a_Valkaama,1789834746.807,0.1021,3127,5,0,22544623.8,0,2
CONT_s4_l2a_Valkaama,1789834746.91,0.1022,3001,3,0,27279925.0,0,2
CONT_s4_l2a_Valkaama,1789834747.012,0.1022,3064,4,0,25674488.0,0,2
CONT_s4_l2a_Valkaama,1789834747.114,0.102,3119,5,0,25600791.8,0,2
CONT_s4_l2a_Valkaama,1789834747.216,0.1021,3201,5,0,18884543.2,0,3
CONT_s4_l2a_Valkaama,1789834747.318,0.1021,3060,4,0,19626170.5,0,2
CONT_s4_l2a_Valkaama,1789834747.42,0.1023,2999,3,0,24801240.7,0,2
CONT_s4_l2a_Valkaama,1789834747.523,0.1022,3403,6,0,23714271.5,0,2
CONT_s4_l2a_Valkaama,1789834747.625,0.102,3065,4,0,22815488.5,0,2
CONT_s4_l2a_Valkaama,1789834747.727,0.1021,3060,4,0,20097611.0,0,2
CONT_s4_l2a_Valkaama,1789834747.83,0.1029,2999,3,0,25656041.0,0,2
CONT_s4_l2a_Valkaama,1789834747.932,0.1022,4529,5,0,30333372.0,0,2
CONT_s4_l2a_Valkaama,1789834748.034,0.1022,3060,4,0,25301623.5,0,2
CONT_s4_l2a_Valkaama,1789834748.136,0.102,3060,4,0,22252226.0,0,2
CONT_s4_l2a_Valkaama,1789834748.238,0.1021,3060,4,0,20517779.0,0,2
CONT_s4_l2a_Valkaama,1789834748.34,0.1022,2063,7,0,18856268.7,0,2
CONT_s4_l2a_Valkaama,1789834748.444,0.1032,0,0,0,0,0,0
CONT_s4_l2a_Valkaama,1789834748.546,0.1023,0,0,0,0,0,0
CONT_s4_l2a_Valkaama,1789834748.648,0.102,0,0,0,0,0,0
CONT_s4_l2a_Valkaama,1789834748.75,0.1021,14751,11,0,43668610.0,0,2
CONT_s4_l2a_Valkaama,1789834748.852,0.1022,3442,7,0,45139736.1,0,2
CONT_s4_l2a_Valkaama,1789834748.954,0.1022,0,0,0,0,0,0
CONT_s4_l2a_Valkaama,1789834749.056,0.102,6126,8,0,51026273.0,0,2
CONT_s4_l2a_Valkaama,1789834749.158,0.1021,3064,4,0,44885028.0,0,2
CONT_s4_l2a_Valkaama,1789834749.261,0.1022,1673,3,0,29751178.3,0,3
CONT_s4_l2a_Valkaama,1789834749.363,0.1023,0,0,0,0,0,0
CONT_s4_l2a_Valkaama,1789834749.465,0.1022,0,0,0,0,0,0
CONT_s4_l2a_Valkaama,1789834749.567,0.1021,0,0,0,0,0,0
CONT_s4_l2a_Valkaama,1789834749.669,0.102,0,0,0,0,0,0
CONT_s4_l2a_Valkaama,1789834749.772,0.1025,14946,14,0,68039576.9,0,2
CONT_s4_l2a_Valkaama,1789834749.874,0.1024,6198,9,0,58902488.1,0,2
CONT_s4_l2a_Valkaama,1789834749.976,0.1022,6120,8,0,45831086.0,0,2
CONT_s4_l2a_Valkaama,1789834750.078,0.102,6120,8,0,36194002.0,0,2
CONT_s4_l2a_Valkaama,1789834750.181,0.1021,6120,8,0,29182766.0,0,2
CONT_s4_l2a_Valkaama,1789834750.283,0.1022,4878,7,0,24332587.6,0,2
CONT_s4_l2a_Valkaama,1789834750.385,0.1023,7533,8,0,22758751.6,0,2
CONT_s4_l2a_Valkaama,1789834750.487,0.1022,4651,7,0,20707709.1,0,2
CONT_s4_l2a_Valkaama,1789834750.59,0.1023,7528,8,0,21792133.8,0,2
CONT_s4_l2a_Valkaama,1789834750.692,0.1022,6059,7,0,18072504.9,0,2
CONT_s4_l2a_Valkaama,1789834750.794,0.1021,6347,8,0,19615759.1,0,2
CONT_s4_l2a_Valkaama,1789834750.896,0.1023,6059,7,0,21834386.1,0,2
CONT_s4_l2a_Valkaama,1789834750.998,0.1022,6125,8,0,18241628.5,0,2
CONT_s4_l2a_Valkaama,1789834751.1,0.102,5998,6,0,21730245.0,0,2
CONT_s4_l2a_Valkaama,1789834751.202,0.1021,5998,6,0,23401961.3,0,2
CONT_s4_l2a_Valkaama,1789834751.305,0.1021,5562,10,0,18715770.8,0,3
CONT_s4_l2a_Valkaama,1789834751.407,0.1023,3174,6,0,21633753.0,0,2
CONT_s4_l2a_Valkaama,1789834751.509,0.1022,0,0,0,0,0,0
CONT_s4_l2a_Valkaama,1789834751.611,0.102,0,0,0,0,0,0
CONT_s4_l2a_Valkaama,1789834751.713,0.1021,0,0,0,0,0,0
CONT_s4_l2a_Valkaama,1789834751.815,0.1021,0,0,0,0,0,0
CONT_s4_l2a_Valkaama,1789834751.917,0.1023,0,0,0,0,0,0
CONT_s4_l2a_Valkaama,1789834752.02,0.1022,0,0,0,0,0,0
CONT_s4_l2a_Valkaama,1789834752.122,0.102,0,0,0,0,0,0
CONT_s4_l2a_Valkaama,1789834752.224,0.1021,0,0,0,0,0,0
CONT_s4_l2a_Valkaama,1789834752.326,0.1021,0,0,0,0,0,0
CONT_s4_l2a_Valkaama,1789834752.428,0.1023,18442,17,0,80190596.7,0,2
CONT_s4_l2a_Valkaama,1789834752.53,0.1022,1326,5,0,85365713.4,0,2
CONT_s4_l2a_Valkaama,1789834752.632,0.1021,0,0,0,0,0,0
CONT_s4_l2a_Valkaama,1789834752.735,0.1022,0,0,0,0,0,0
CONT_s4_l2a_Valkaama,1789834752.837,0.1023,0,0,0,0,0,0
CONT_s4_l2a_Valkaama,1789834752.94,0.1035,0,0,0,0,0,0
CONT_s4_l2a_Valkaama,1789834753.043,0.1024,0,0,0,0,0,0
CONT_s4_l2a_Valkaama,1789834753.145,0.1021,0,0,0,0,0,0
CONT_s4_l2a_Valkaama,1789834753.247,0.1023,141,1,0,5087963.0,0,1
CONT_s4_l2a_Valkaama,1789834753.349,0.1023,0,0,0,0,0,0
CONT_s4_l2a_Valkaama,1789834753.454,0.104,0,0,0,0,0,0
CONT_s4_l2a_Valkaama,1789834753.556,0.1021,0,0,0,0,0,0
CONT_s4_l2a_Valkaama,1789834753.658,0.1021,0,0,0,0,0,0
CONT_s4_l2a_Valkaama,1789834753.76,0.1022,0,0,0,0,0,0
CONT_s4_l2a_Valkaama,1789834753.862,0.1022,0,0,0,0,0,0
CONT_s4_l2a_Valkaama,1789834753.964,0.1022,0,0,0,0,0,0
CONT_s4_l2a_Valkaama,1789834754.067,0.1022,0,0,0,0,0,0
CONT_s4_l2a_Valkaama,1789834754.169,0.1021,0,0,0,0,0,0
CONT_s4_l2a_Valkaama,1789834754.271,0.1022,0,0,0,0,0,0
CONT_s4_l2a_Valkaama,1789834754.373,0.1022,0,0,0,0,0,0
CONT_s4_l2a_Valkaama,1789834754.475,0.1022,0,0,0,0,0,0
CONT_s4_l2a_Valkaama,1789834754.577,0.1022,0,0,0,0,0,0
CONT_s4_l2a_Valkaama,1789834754.68,0.1021,0,0,0,0,0,0
CONT_s4_l2a_Valkaama,1789834754.782,0.1022,0,0,0,0,0,0
CONT_s4_l2a_Valkaama,1789834754.884,0.1023,0,0,0,0,0,0
CONT_s4_l2a_Valkaama,1789834754.986,0.1022,0,0,0,0,0,0
CONT_s4_l2a_Valkaama,1789834755.088,0.1021,0,0,0,0,0,0
CONT_s4_l2a_Valkaama,1789834755.191,0.1022,0,0,0,0,0,0
CONT_s4_l2a_Valkaama,1789834755.293,0.1021,141,1,0,4872684.0,0,1
CONT_s4_l2a_Valkaama,1789834755.395,0.1023,0,0,0,0,0,0
CONT_s4_l2a_Valkaama,1789834755.497,0.1022,0,0,0,0,0,0
CONT_s4_l2a_Valkaama,1789834755.599,0.102,0,0,0,0,0,0
CONT_s4_l2a_Valkaama,1789834755.701,0.1022,0,0,0,0,0,0
CONT_s4_l2a_Valkaama,1789834755.803,0.1021,0,0,0,0,0,0
CONT_s4_l2a_Valkaama,1789834755.906,0.1023,0,0,0,0,0,0
CONT_s4_l2a_Valkaama,1789834756.008,0.1022,0,0,0,0,0,0
CONT_s4_l2a_Valkaama,1789834756.11,0.102,0,0,0,0,0,0
CONT_s4_l2a_Valkaama,1789834756.212,0.1021,0,0,0,0,0,0
CONT_s4_l2a_Valkaama,1789834756.314,0.1021,0,0,0,0,0,0
CONT_s4_l2a_Valkaama,1789834756.416,0.1022,0,0,0,0,0,0
CONT_s4_l2a_Valkaama,1789834756.519,0.1022,447,1,0,333440453.0,0,1
CONT_s4_l2a_Valkaama,1789834756.621,0.102,21057,20,0,275255579.5,0,2
CONT_s4_l2a_Valkaama,1789834756.723,0.1022,6120,8,0,252607817.5,0,2
CONT_s4_l2a_Valkaama,1789834756.825,0.1021,6120,8,0,196405716.0,0,2
CONT_s4_l2a_Valkaama,1789834756.927,0.1023,4970,9,0,152512400.6,0,2
CONT_s4_l2a_Valkaama,1789834757.029,0.1022,6125,8,0,115075046.5,0,2
CONT_s4_l2a_Valkaama,1789834757.131,0.1021,4590,6,0,95679720.0,0,2
CONT_s4_l2a_Valkaama,1789834757.234,0.1021,7591,9,0,73929290.8,0,2
CONT_s4_l2a_Valkaama,1789834757.336,0.1024,6267,9,0,53923959.6,0,3
CONT_s4_l2a_Valkaama,1789834757.439,0.1034,6469,10,0,43404614.4,0,2
CONT_s4_l2a_Valkaama,1789834757.542,0.1023,6133,8,0,37697289.0,0,2
CONT_s4_l2a_Valkaama,1789834757.644,0.102,6065,7,0,29570655.6,0,2
CONT_s4_l2a_Valkaama,1789834757.746,0.1022,6128,8,0,28596550.5,0,2
CONT_s4_l2a_Valkaama,1789834757.848,0.1023,6120,8,0,22973809.5,0,2
CONT_s4_l2a_Valkaama,1789834757.951,0.1033,6059,7,0,21174888.3,0,2
CONT_s4_l2a_Valkaama,1789834758.053,0.1021,6346,8,0,21869460.6,0,2
CONT_s4_l2a_Valkaama,1789834758.156,0.1021,6064,7,0,19498207.4,0,2
CONT_s4_l2a_Valkaama,1789834758.258,0.1021,4590,6,0,20333845.5,0,2
CONT_s4_l2a_Valkaama,1789834758.36,0.1023,7467,7,0,24944651.4,0,2
CONT_s4_l2a_Valkaama,1789834758.462,0.1022,6120,8,0,21299851.0,0,2
CONT_s4_l2a_Valkaama,1789834758.564,0.102,6410,9,0,22819654.1,0,2
CONT_s4_l2a_Valkaama,1789834758.666,0.1021,6063,7,0,18223601.0,0,2
CONT_s4_l2a_Valkaama,1789834758.768,0.1021,6070,7,0,18296817.4,0,2
CONT_s4_l2a_Valkaama,1789834758.871,0.1023,6128,8,0,18040369.5,0,2
CONT_s4_l2a_Valkaama,1789834758.973,0.1022,6002,6,0,19298596.0,0,2
CONT_s4_l2a_Valkaama,1789834759.075,0.102,6622,11,0,17938732.6,0,2
CONT_s4_l2a_Valkaama,1789834759.177,0.1021,246,2,0,17483239.0,0,2
CONT_s4_l2a_Valkaama,1789834759.279,0.1021,141,1,0,5003671.0,0,1
CONT_s4_l2a_Valkaama,1789834759.381,0.1022,14812,12,0,29035631.7,0,2
CONT_s4_l2a_Valkaama,1789834759.484,0.1022,6521,14,0,26935325.4,0,2
CONT_s4_l2a_Valkaama,1789834759.586,0.1021,0,0,0,0,0,0
CONT_s4_l2a_Valkaama,1789834759.688,0.1022,14751,11,0,30063686.2,0,2
CONT_s4_l2a_Valkaama,1789834759.79,0.1022,1591,3,0,42649577.0,0,2
CONT_s4_l2a_Valkaama,1789834759.892,0.1023,0,0,0,0,0,0
CONT_s4_l2a_Valkaama,1789834759.995,0.1022,15353,17,0,34245207.6,0,2
CONT_s4_l2a_Valkaama,1789834760.097,0.102,0,0,0,0,0,0
CONT_s4_l2a_Valkaama,1789834760.199,0.1021,13221,9,0,30372008.0,0,1
CONT_s4_l2a_Valkaama,1789834760.301,0.1022,6441,10,0,46325076.0,0,2
CONT_s4_l2a_Valkaama,1789834760.403,0.1022,1531,2,0,43439556.5,0,2
CONT_s4_l2a_Valkaama,1789834760.505,0.1022,10534,11,0,36863384.1,0,2
CONT_s4_l2a_Valkaama,1789834760.607,0.102,6128,8,0,33436023.0,0,2
CONT_s4_l2a_Valkaama,1789834760.709,0.1021,6002,6,0,29880649.7,0,2
CONT_s4_l2a_Valkaama,1789834760.812,0.1025,4664,7,0,30531451.4,0,2
CONT_s4_l2a_Valkaama,1789834760.914,0.1023,6065,7,0,27637932.9,0,2
CONT_s4_l2a_Valkaama,1789834761.016,0.1022,7471,7,0,26844328.0,0,2
CONT_s4_l2a_Valkaama,1789834761.118,0.102,3123,5,0,28475639.0,0,2
CONT_s4_l2a_Valkaama,1789834761.221,0.1021,7815,9,0,24701155.7,0,2
CONT_s4_l2a_Valkaama,1789834761.323,0.1021,6139,7,0,24425415.1,0,3
CONT_s4_l2a_Valkaama,1789834761.425,0.1024,6121,8,0,24126601.5,0,2
CONT_s4_l2a_Valkaama,1789834761.527,0.1022,6130,8,0,26060001.0,0,2
CONT_s4_l2a_Valkaama,1789834761.629,0.102,4596,6,0,23063025.0,0,2
CONT_s4_l2a_Valkaama,1789834761.732,0.1024,7655,10,0,21992858.2,0,2
CONT_s4_l2a_Valkaama,1789834761.834,0.1026,6401,9,0,20353078.6,0,2
CONT_s4_l2a_Valkaama,1789834761.938,0.1035,6059,7,0,21976641.6,0,2
CONT_s4_l2a_Valkaama,1789834762.04,0.1023,6125,8,0,18751640.0,0,2
CONT_s4_l2a_Valkaama,1789834762.142,0.102,6059,7,0,18469414.4,0,2
CONT_s4_l2a_Valkaama,1789834762.244,0.1021,6059,7,0,19281284.3,0,2
CONT_s4_l2a_Valkaama,1789834762.347,0.1023,6407,9,0,16103996.6,0,2
CONT_s4_l2a_Valkaama,1789834762.45,0.103,5937,5,0,20211735.0,0,2
CONT_s4_l2a_Valkaama,1789834762.552,0.1021,6120,8,0,21504544.0,0,2
CONT_s4_l2a_Valkaama,1789834762.654,0.1021,4590,6,0,18594777.5,0,2
CONT_s4_l2a_Valkaama,1789834762.756,0.1021,6129,8,0,21711134.0,0,2
CONT_s4_l2a_Valkaama,1789834762.858,0.1022,7534,8,0,21623519.2,0,2
CONT_s4_l2a_Valkaama,1789834762.96,0.1023,6528,11,0,18537965.8,0,2
CONT_s4_l2a_Valkaama,1789834763.062,0.1021,6120,8,0,18456884.5,0,2
CONT_s4_l2a_Valkaama,1789834763.164,0.1021,2431,8,0,16417654.5,0,2
CONT_s4_l2a_Valkaama,1789834763.266,0.1021,141,1,0,4794356.0,0,1
CONT_s4_l2a_Valkaama,1789834763.369,0.1023,13282,10,0,25618582.6,0,2
CONT_s4_l2a_Valkaama,1789834763.471,0.1023,0,0,0,0,0,0
CONT_s4_l2a_Valkaama,1789834763.573,0.102,0,0,0,0,0,0
CONT_s4_l2a_Valkaama,1789834763.675,0.1023,14750,11,0,30349371.9,0,2
CONT_s4_l2a_Valkaama,1789834763.778,0.1022,6248,7,0,30739397.4,0,2
CONT_s4_l2a_Valkaama,1789834763.88,0.1022,10466,10,0,32585325.6,0,2
CONT_s4_l2a_Valkaama,1789834763.982,0.1023,0,0,0,0,0,0
CONT_s4_l2a_Valkaama,1789834764.084,0.102,7406,6,0,34482180.8,0,2
CONT_s4_l2a_Valkaama,1789834764.186,0.1021,10466,10,0,35693442.4,0,2
CONT_s4_l2a_Valkaama,1789834764.288,0.1021,6272,7,0,32631029.0,0,2
CONT_s4_l2a_Valkaama,1789834764.39,0.1023,0,0,0,0,0,0
CONT_s4_l2a_Valkaama,1789834764.493,0.1022,10720,14,0,34017950.0,0,2
CONT_s4_l2a_Valkaama,1789834764.595,0.102,7345,5,0,33648680.0,0,1
CONT_s4_l2a_Valkaama,1789834764.697,0.1021,6133,8,0,36669676.5,0,2
CONT_s4_l2a_Valkaama,1789834764.799,0.1021,1532,2,0,34825494.0,0,2
CONT_s4_l2a_Valkaama,1789834764.901,0.1022,10747,11,0,32656517.6,0,2
CONT_s4_l2a_Valkaama,1789834765.003,0.1022,4651,7,0,31368565.3,0,2
CONT_s4_l2a_Valkaama,1789834765.105,0.102,0,0,0,0,0,0
CONT_s4_l2a_Valkaama,1789834765.207,0.1021,13404,12,0,30232516.8,0,2
CONT_s4_l2a_Valkaama,1789834765.31,0.1021,3262,6,0,27665026.7,0,3
CONT_s4_l2a_Valkaama,1789834765.412,0.1022,0,0,0,0,0,0
CONT_s4_l2a_Valkaama,1789834765.514,0.1022,13685,13,0,32147541.4,0,2
CONT_s4_l2a_Valkaama,1789834765.616,0.1021,6126,8,0,31121040.0,0,2
CONT_s4_l2a_Valkaama,1789834765.718,0.102,6125,8,0,24373170.5,0,2
CONT_s4_l2a_Valkaama,1789834765.82,0.1021,4470,4,0,23355134.5,0,2
CONT_s4_l2a_Valkaama,1789834765.922,0.1022,7534,8,0,28043280.1,0,2
CONT_s4_l2a_Valkaama,1789834766.025,0.1022,6002,6,0,28370530.3,0,2
CONT_s4_l2a_Valkaama,1789834766.127,0.102,6353,8,0,30322800.0,0,2
CONT_s4_l2a_Valkaama,1789834766.229,0.1022,4533,5,0,30264126.0,0,2
CONT_s4_l2a_Valkaama,1789834766.333,0.1038,7476,7,0,33172058.7,0,2
CONT_s4_l2a_Valkaama,1789834766.435,0.1022,4470,4,0,34902984.2,0,2
CONT_s4_l2a_Valkaama,1789834766.537,0.1022,4533,5,0,33608590.0,0,2
CONT_s4_l2a_Valkaama,1789834766.639,0.1021,7348,13,0,29382316.2,0,2
CONT_s4_l2a_Valkaama,1789834766.741,0.1021,0,0,0,0,0,0
CONT_s4_l2a_Valkaama,1789834766.844,0.1023,14751,11,0,33342999.8,0,2
CONT_s4_l2a_Valkaama,1789834766.947,0.1033,6441,10,0,31801153.5,0,2
CONT_s4_l2a_Valkaama,1789834767.049,0.1021,1593,3,0,30872298.7,0,2
CONT_s4_l2a_Valkaama,1789834767.151,0.1022,10472,10,0,28297166.4,0,2
CONT_s4_l2a_Valkaama,1789834767.253,0.1022,3268,6,0,24173932.5,0,3
CONT_s4_l2a_Valkaama,1789834767.356,0.1024,8940,8,0,27445799.8,0,2
CONT_s4_l2a_Valkaama,1789834767.458,0.1023,6070,7,0,28319346.4,0,2
CONT_s4_l2a_Valkaama,1789834767.56,0.1021,63,1,0,32819535.0,0,1
CONT_s4_l2a_Valkaama,1789834767.662,0.1021,10535,11,0,27094890.3,0,2
CONT_s4_l2a_Valkaama,1789834767.764,0.1021,5998,6,0,29223624.3,0,2
CONT_s4_l2a_Valkaama,1789834767.867,0.1023,6339,8,0,29407671.2,0,2
CONT_s4_l2a_Valkaama,1789834767.969,0.1022,4590,6,0,28463571.0,0,2
CONT_s4_l2a_Valkaama,1789834768.071,0.102,7467,7,0,30609449.3,0,2
CONT_s4_l2a_Valkaama,1789834768.173,0.102,5998,6,0,31213869.3,0,2
CONT_s4_l2a_Valkaama,1789834768.275,0.1021,3061,4,0,31496054.0,0,2
CONT_s4_l2a_Valkaama,1789834768.377,0.1022,9475,13,0,30780448.4,0,2
CONT_s4_l2a_Valkaama,1789834768.479,0.1022,6002,6,0,31221485.7,0,2
CONT_s4_l2a_Valkaama,1789834768.581,0.1021,6059,7,0,30080616.0,0,2
CONT_s4_l2a_Valkaama,1789834768.684,0.1021,3121,5,0,29454007.6,0,2
CONT_s4_l2a_Valkaama,1789834768.786,0.1021,8997,9,0,29549053.7,0,2
CONT_s4_l2a_Valkaama,1789834768.888,0.1023,6059,7,0,25763181.7,0,2
CONT_s4_l2a_Valkaama,1789834768.99,0.1023,4810,6,0,25587666.3,0,2
CONT_s4_l2a_Valkaama,1789834769.092,0.1021,7472,7,0,28158282.9,0,2
CONT_s4_l2a_Valkaama,1789834769.195,0.1022,4651,7,0,23507621.6,0,2
CONT_s4_l2a_Valkaama,1789834769.297,0.1021,6078,6,0,23262904.2,0,3
CONT_s4_l2a_Valkaama,1789834769.399,0.1023,7467,7,0,29672492.3,0,2
CONT_s4_l2a_Valkaama,1789834769.501,0.1023,4651,7,0,23476363.7,0,2
CONT_s4_l2a_Valkaama,1789834769.603,0.102,4809,6,0,24904405.8,0,2
CONT_s4_l2a_Valkaama,1789834769.705,0.1021,7656,10,0,28276758.5,0,2
CONT_s4_l2a_Valkaama,1789834769.808,0.1022,4601,6,0,23840664.0,0,2
CONT_s4_l2a_Valkaama,1789834769.91,0.1023,7471,7,0,28429423.4,0,2
CONT_s4_l2a_Valkaama,1789834770.012,0.1023,6130,8,0,23172763.0,0,2
CONT_s4_l2a_Valkaama,1789834770.114,0.1021,1532,2,0,22025027.5,0,2
CONT_s4_l2a_Valkaama,1789834770.216,0.1022,10820,12,0,23350787.7,0,2
CONT_s4_l2a_Valkaama,1789834770.319,0.1022,6462,12,0,18311458.5,0,2
CONT_s4_l2a_Valkaama,1789834770.421,0.1023,0,0,0,0,0,0
CONT_s4_l2a_Valkaama,1789834770.523,0.1023,0,0,0,0,0,0
CONT_s4_l2a_Valkaama,1789834770.625,0.1021,16342,14,0,27487135.1,0,2
CONT_s4_l2a_Valkaama,1789834770.728,0.1026,0,0,0,0,0,0
CONT_s4_l2a_Valkaama,1789834770.831,0.1035,0,0,0,0,0,0
CONT_s4_l2a_Valkaama,1789834770.934,0.1022,18067,16,0,32329011.4,0,2
CONT_s4_l2a_Valkaama,1789834771.036,0.1026,0,0,0,0,0,0
CONT_s4_l2a_Valkaama,1789834771.138,0.102,13282,10,0,34769162.8,0,2
CONT_s4_l2a_Valkaama,1789834771.24,0.1021,6471,10,0,43332686.5,0,2
CONT_s4_l2a_Valkaama,1789834771.343,0.1023,6275,9,0,35164074.9,0,3
CONT_s4_l2a_Valkaama,1789834771.446,0.1036,6076,7,0,30535026.3,0,2
CONT_s4_l2a_Valkaama,1789834771.548,0.1023,6201,9,0,26746664.6,0,2
CONT_s4_l2a_Valkaama,1789834771.65,0.102,6136,8,0,20638928.5,0,2
CONT_s4_l2a_Valkaama,1789834771.753,0.1022,4590,6,0,17916070.0,0,2
CONT_s4_l2a_Valkaama,1789834771.855,0.1022,7589,9,0,17137542.4,0,2
CONT_s4_l2a_Valkaama,1789834771.957,0.1022,6059,7,0,14358889.4,0,2
CONT_s4_l2a_Valkaama,1789834772.059,0.1021,3126,5,0,14792350.4,0,2
CONT_s4_l2a_Valkaama,1789834772.161,0.1021,9284,10,0,14606651.8,0,2
CONT_s4_l2a_Valkaama,1789834772.263,0.1021,6120,8,0,13997585.0,0,2
CONT_s4_l2a_Valkaama,1789834772.366,0.1022,6183,9,0,12442667.0,0,2
CONT_s4_l2a_Valkaama,1789834772.468,0.1022,6063,7,0,9182050.7,0,2
CONT_s4_l2a_Valkaama,1789834772.57,0.102,6133,8,0,11028035.0,0,2
CONT_s4_l2a_Valkaama,1789834772.672,0.1021,6352,8,0,13886109.2,0,2
CONT_s4_l2a_Valkaama,1789834772.774,0.1021,6065,7,0,12271402.1,0,2
CONT_s4_l2a_Valkaama,1789834772.876,0.1022,4590,6,0,14369558.5,0,2
CONT_s4_l2a_Valkaama,1789834772.978,0.1023,7528,8,0,15179753.5,0,2
CONT_s4_l2a_Valkaama,1789834773.08,0.102,4590,6,0,15388042.5,0,2
CONT_s4_l2a_Valkaama,1789834773.182,0.1021,7467,7,0,20160993.1,0,2
CONT_s4_l2a_Valkaama,1789834773.285,0.1021,5146,10,0,14265842.5,0,3
CONT_s4_l2a_Valkaama,1789834773.387,0.1023,5998,6,0,20238881.7,0,2
CONT_s4_l2a_Valkaama,1789834773.489,0.1022,4529,5,0,21998383.2,0,2
CONT_s4_l2a_Valkaama,1789834773.591,0.102,7589,9,0,19712995.0,0,2
CONT_s4_l2a_Valkaama,1789834773.693,0.1021,4593,6,0,21713464.0,0,2
CONT_s4_l2a_Valkaama,1789834773.795,0.1022,7596,9,0,25572384.8,0,2
CONT_s4_l2a_Valkaama,1789834773.898,0.1023,6484,10,0,21229350.0,0,2
CONT_s4_l2a_Valkaama,1789834774.0,0.1022,4596,6,0,18388464.0,0,2
CONT_s4_l2a_Valkaama,1789834774.102,0.102,7593,9,0,18021912.8,0,2
CONT_s4_l2a_Valkaama,1789834774.204,0.1021,6120,8,0,14644666.5,0,2
CONT_s4_l2a_Valkaama,1789834774.306,0.1021,1786,6,0,13641077.0,0,2
CONT_s4_l2a_Valkaama,1789834774.408,0.1023,0,0,0,0,0,0
CONT_s4_l2a_Valkaama,1789834774.51,0.1022,14812,12,0,26071119.2,0,2
CONT_s4_l2a_Valkaama,1789834774.612,0.102,0,0,0,0,0,0
CONT_s4_l2a_Valkaama,1789834774.715,0.1021,0,0,0,0,0,0
CONT_s4_l2a_Valkaama,1789834774.817,0.1021,19590,18,0,30951456.7,0,2
CONT_s4_l2a_Valkaama,1789834774.919,0.1023,0,0,0,0,0,0
CONT_s4_l2a_Valkaama,1789834775.021,0.1022,11813,9,0,34072821.2,0,2
CONT_s4_l2a_Valkaama,1789834775.123,0.102,6120,8,0,41445223.0,0,2
CONT_s4_l2a_Valkaama,1789834775.225,0.1021,4937,8,0,34637816.0,0,2
CONT_s4_l2a_Valkaama,1789834775.328,0.1028,7549,7,0,28896023.9,0,3
CONT_s4_l2a_Valkaama,1789834775.43,0.1024,6065,7,0,36693223.6,0,2
CONT_s4_l2a_Valkaama,1789834775.533,0.1022,3006,3,0,36743807.0,0,2
CONT_s4_l2a_Valkaama,1789834775.635,0.102,7471,7,0,38308313.6,0,2
CONT_s4_l2a_Valkaama,1789834775.737,0.1022,7408,6,0,40071330.0,0,2
CONT_s4_l2a_Valkaama,1789834775.839,0.1022,4529,5,0,38000524.2,0,2
CONT_s4_l2a_Valkaama,1789834775.943,0.1039,5998,6,0,39173029.7,0,2
CONT_s4_l2a_Valkaama,1789834776.045,0.1021,6339,8,0,35897392.8,0,2
CONT_s4_l2a_Valkaama,1789834776.147,0.1021,7406,6,0,37818841.7,0,2
CONT_s4_l2a_Valkaama,1789834776.249,0.1022,3060,4,0,34157930.0,0,2
CONT_s4_l2a_Valkaama,1789834776.352,0.1023,7467,7,0,38290510.3,0,2
CONT_s4_l2a_Valkaama,1789834776.454,0.1025,7406,6,0,39974288.8,0,2
CONT_s4_l2a_Valkaama,1789834776.556,0.102,3588,9,0,32621943.9,0,2
CONT_s4_l2a_Valkaama,1789834776.658,0.1021,4533,5,0,35372232.2,0,2
CONT_s4_l2a_Valkaama,1789834776.76,0.1021,7471,7,0,37231477.1,0,2
CONT_s4_l2a_Valkaama,1789834776.863,0.1023,7581,9,0,35592831.7,0,2
CONT_s4_l2a_Valkaama,1789834776.965,0.1022,4468,4,0,36498392.2,0,2
CONT_s4_l2a_Valkaama,1789834777.067,0.1022,5998,6,0,36712403.3,0,2
CONT_s4_l2a_Valkaama,1789834777.169,0.1021,4529,5,0,35874900.0,0,2
CONT_s4_l2a_Valkaama,1789834777.271,0.1021,7748,8,0,36567733.8,0,2
CONT_s4_l2a_Valkaama,1789834777.373,0.1022,7669,9,0,32308073.3,0,3
CONT_s4_l2a_Valkaama,1789834777.475,0.1022,0,0,0,0,0,0
CONT_s4_l2a_Valkaama,1789834777.577,0.102,10405,9,0,39966757.9,0,2
CONT_s4_l2a_Valkaama,1789834777.679,0.1021,7533,8,0,38707179.0,0,2
CONT_s4_l2a_Valkaama,1789834777.782,0.1021,6272,7,0,36501373.0,0,2
CONT_s4_l2a_Valkaama,1789834777.884,0.1023,4529,5,0,36119778.6,0,2
CONT_s4_l2a_Valkaama,1789834777.986,0.1022,7528,8,0,36200171.4,0,2
CONT_s4_l2a_Valkaama,1789834778.088,0.102,4636,8,0,31910838.0,0,2
CONT_s4_l2a_Valkaama,1789834778.19,0.1021,7471,7,0,36075591.3,0,2
CONT_s4_l2a_Valkaama,1789834778.292,0.1021,10640,17,0,10991705.6,0,4
CONT_s4_l2a_Valkaama,1789834778.395,0.1024,5445,7,0,3906952.9,0,2
CONT_s4_l2a_Valkaama,1789834778.497,0.1023,5350,6,0,9206390.7,0,2
CONT_s4_l2a_Valkaama,1789834778.599,0.1022,4613,8,0,13866511.0,0,2
CONT_s4_l2a_Valkaama,1789834778.702,0.1023,5488,8,0,19425894.5,0,2
CONT_s4_l2a_Valkaama,1789834778.804,0.1023,5496,8,0,24098375.5,0,2
CONT_s4_l2a_Valkaama,1789834778.906,0.1025,9500,12,0,25251169.1,0,2
CONT_s4_l2a_Valkaama,1789834779.009,0.1025,7214,13,0,23235508.2,0,2
CONT_s4_l2a_Valkaama,1789834779.111,0.1023,4067,5,0,26314942.2,0,2
CONT_s4_l2a_Valkaama,1789834779.214,0.1024,9454,12,0,24502965.2,0,3
CONT_s4_l2a_Valkaama,1789834779.316,0.1026,4230,8,0,24811188.5,0,2
CONT_s4_l2a_Valkaama,1789834779.419,0.1027,9620,15,0,20865551.3,0,5
CONT_s4_l2a_Valkaama,1789834779.521,0.1027,5478,8,0,22667501.0,0,2
CONT_s4_l2a_Valkaama,1789834779.624,0.1025,5477,8,0,17503352.5,0,2
CONT_s4_l2a_Valkaama,1789834779.727,0.1029,6854,10,0,16690541.8,0,3
CONT_s4_l2a_Valkaama,1789834779.832,0.1051,4507,10,0,14285394.0,0,2
CONT_s4_l2a_Valkaama,1789834779.935,0.1027,0,0,0,0,0,0
CONT_s4_l2a_Valkaama,1789834780.037,0.1025,13285,13,0,25927965.8,0,2
CONT_s4_l2a_Valkaama,1789834780.14,0.1023,6904,10,0,26347917.0,0,2
CONT_s4_l2a_Valkaama,1789834780.242,0.1025,0,0,0,0,0,0
CONT_s4_l2a_Valkaama,1789834780.344,0.1025,11995,12,0,31256494.5,0,2
CONT_s4_l2a_Valkaama,1789834780.448,0.1038,4186,7,0,34204587.3,0,2
CONT_s4_l2a_Valkaama,1789834780.551,0.1025,2748,4,0,34272739.0,0,2
CONT_s4_l2a_Valkaama,1789834780.653,0.1023,10665,11,0,34164299.0,0,2
CONT_s4_l2a_Valkaama,1789834780.755,0.1024,5595,8,0,36128768.5,0,2
CONT_s4_l2a_Valkaama,1789834780.858,0.1026,6609,6,0,32305566.0,0,2
CONT_s4_l2a_Valkaama,1789834780.961,0.1025,7020,10,0,31944980.0,0,2
CONT_s4_l2a_Valkaama,1789834781.063,0.1025,1524,3,0,34628239.0,0,2
CONT_s4_l2a_Valkaama,1789834781.166,0.1024,9880,9,0,32718078.3,0,2
CONT_s4_l2a_Valkaama,1789834781.269,0.103,5759,7,0,30915657.4,0,2
CONT_s4_l2a_Valkaama,1789834781.371,0.1025,7419,11,0,26297522.5,0,3
CONT_s4_l2a_Valkaama,1789834781.474,0.1027,3778,7,0,24520342.4,0,2
CONT_s4_l2a_Valkaama,1789834781.576,0.1025,5639,5,0,24980408.4,0,2
CONT_s4_l2a_Valkaama,1789834781.679,0.1024,7218,9,0,25883273.3,0,2
CONT_s4_l2a_Valkaama,1789834781.781,0.1025,5637,5,0,27563709.6,0,2
CONT_s4_l2a_Valkaama,1789834781.884,0.1026,7257,9,0,28103676.6,0,2
CONT_s4_l2a_Valkaama,1789834781.986,0.1026,1455,2,0,27191599.0,0,2
CONT_s4_l2a_Valkaama,1789834782.089,0.1025,9941,10,0,29580589.9,0,2
CONT_s4_l2a_Valkaama,1789834782.191,0.1025,6449,8,0,28130667.2,0,2
CONT_s4_l2a_Valkaama,1789834782.294,0.1025,5809,5,0,30059012.6,0,2
CONT_s4_l2a_Valkaama,1789834782.396,0.1026,3001,4,0,29191893.0,0,2
CONT_s4_l2a_Valkaama,1789834782.499,0.1026,8805,9,0,30605347.3,0,2
CONT_s4_l2a_Valkaama,1789834782.601,0.1023,7246,6,0,32353175.5,0,2
CONT_s4_l2a_Valkaama,1789834782.704,0.1024,1917,7,0,29743281.6,0,2
CONT_s4_l2a_Valkaama,1789834782.806,0.1025,0,0,0,0,0,0
CONT_s4_l2a_Valkaama,1789834782.909,0.1026,15990,14,0,32936082.5,0,2
CONT_s4_l2a_Valkaama,1789834783.012,0.1026,3018,4,0,34313093.5,0,2
CONT_s4_l2a_Valkaama,1789834783.114,0.1025,0,0,0,0,0,0
CONT_s4_l2a_Valkaama,1789834783.216,0.1025,15781,18,0,33150466.6,0,2
CONT_s4_l2a_Valkaama,1789834783.319,0.1025,0,0,0,0,0,0
CONT_s4_l2a_Valkaama,1789834783.422,0.1027,12022,13,0,30364719.1,0,3
CONT_s4_l2a_Valkaama,1789834783.524,0.1026,4639,7,0,31045316.4,0,2
CONT_s4_l2a_Valkaama,1789834783.627,0.1025,7355,6,0,27841552.7,0,2
CONT_s4_l2a_Valkaama,1789834783.729,0.1026,6027,7,0,31900921.3,0,2
CONT_s4_l2a_Valkaama,1789834783.833,0.1032,6552,8,0,27859300.4,0,2
CONT_s4_l2a_Valkaama,1789834783.935,0.1025,4675,8,0,25923245.5,0,2
CONT_s4_l2a_Valkaama,1789834784.038,0.1026,7412,7,0,24915241.3,0,2
CONT_s4_l2a_Valkaama,1789834784.14,0.1024,5954,6,0,26051428.7,0,2
CONT_s4_l2a_Valkaama,1789834784.243,0.1025,3099,5,0,28383036.8,0,2
CONT_s4_l2a_Valkaama,1789834784.345,0.1026,9064,11,0,25693295.0,0,2
CONT_s4_l2a_Valkaama,1789834784.449,0.1037,5189,9,0,21769292.7,0,2
CONT_s4_l2a_Valkaama,1789834784.551,0.1024,6149,9,0,18740327.9,0,2
CONT_s4_l2a_Valkaama,1789834784.654,0.1023,6076,8,0,16116285.5,0,2
CONT_s4_l2a_Valkaama,1789834784.756,0.1025,6103,8,0,13702007.5,0,2
CONT_s4_l2a_Valkaama,1789834784.858,0.1025,6120,8,0,11463498.5,0,2
CONT_s4_l2a_Valkaama,1789834784.961,0.1025,4463,9,0,12089809.7,0,2
CONT_s4_l2a_Valkaama,1789834785.063,0.1024,0,0,0,0,0,0
CONT_s4_l2a_Valkaama,1789834785.166,0.1025,14812,12,0,24477639.5,0,2
CONT_s4_l2a_Valkaama,1789834785.268,0.1025,0,0,0,0,0,0
CONT_s4_l2a_Valkaama,1789834785.371,0.1026,141,1,0,4385956.0,0,1
CONT_s4_l2a_Valkaama,1789834785.474,0.1026,16280,13,0,32462392.4,0,2
CONT_s4_l2a_Valkaama,1789834785.576,0.1024,3285,5,0,31863324.4,0,2
CONT_s4_l2a_Valkaama,1789834785.678,0.1024,10283,7,0,31133054.0,0,1
CONT_s4_l2a_Valkaama,1789834785.781,0.1024,4651,7,0,44637065.4,0,2
CONT_s4_l2a_Valkaama,1789834785.883,0.1026,0,0,0,0,0,0
CONT_s4_l2a_Valkaama,1789834785.986,0.1026,13595,15,0,39446032.6,0,2
CONT_s4_l2a_Valkaama,1789834786.088,0.1024,6002,6,0,36218255.7,0,2
CONT_s4_l2a_Valkaama,1789834786.191,0.1024,4795,6,0,36203268.7,0,2
CONT_s4_l2a_Valkaama,1789834786.293,0.1025,4596,6,0,35135331.5,0,2
CONT_s4_l2a_Valkaama,1789834786.396,0.1026,4470,4,0,32411864.2,0,2
CONT_s4_l2a_Valkaama,1789834786.498,0.1026,8997,9,0,34963845.3,0,2
CONT_s4_l2a_Valkaama,1789834786.601,0.1025,5998,6,0,34483766.3,0,2
CONT_s4_l2a_Valkaama,1789834786.703,0.1024,6314,8,0,33286673.2,0,2
CONT_s4_l2a_Valkaama,1789834786.806,0.1025,6059,7,0,33459082.1,0,2
CONT_s4_l2a_Valkaama,1789834786.908,0.1026,4468,4,0,33632941.0,0,2
CONT_s4_l2a_Valkaama,1789834787.011,0.1026,7790,10,0,33137167.8,0,2
CONT_s4_l2a_Valkaama,1789834787.113,0.1023,0,0,0,0,0,0
CONT_s4_l2a_Valkaama,1789834787.216,0.1025,0,0,0,0,0,0
CONT_s4_l2a_Valkaama,1789834787.318,0.1025,0,0,0,0,0,0
CONT_s4_l2a_Valkaama,1789834787.421,0.1026,141,1,0,4551995.0,0,1
CONT_s4_l2a_Valkaama,1789834787.523,0.1026,0,0,0,0,0,0
CONT_s4_l2a_Valkaama,1789834787.626,0.1023,0,0,0,0,0,0
CONT_s4_l2a_Valkaama,1789834787.728,0.1027,0,0,0,0,0,0
CONT_s4_l2a_Valkaama,1789834787.832,0.1038,0,0,0,0,0,0
CONT_s4_l2a_Valkaama,1789834787.935,0.1025,0,0,0,0,0,0
CONT_s4_l2a_Valkaama,1789834788.037,0.1025,0,0,0,0,0,0
CONT_s4_l2a_Valkaama,1789834788.14,0.1023,0,0,0,0,0,0
CONT_s4_l2a_Valkaama,1789834788.242,0.1025,0,0,0,0,0,0
CONT_s4_l2a_Valkaama,1789834788.345,0.1025,0,0,0,0,0,0
CONT_s4_l2a_Valkaama,1789834788.449,0.104,0,0,0,0,0,0
CONT_s4_l2a_Valkaama,1789834788.551,0.1026,15381,13,0,128265765.5,0,2
CONT_s4_l2a_Valkaama,1789834788.653,0.1024,6181,9,0,123500790.7,0,2
CONT_s4_l2a_Valkaama,1789834788.756,0.1025,6120,8,0,94085010.0,0,2
CONT_s4_l2a_Valkaama,1789834788.858,0.1025,6059,7,0,73278370.1,0,2
CONT_s4_l2a_Valkaama,1789834788.961,0.1025,6477,11,0,56884268.6,0,2
CONT_s4_l2a_Valkaama,1789834789.063,0.1024,6133,8,0,43183261.5,0,2
CONT_s4_l2a_Valkaama,1789834789.166,0.1024,6069,7,0,33553596.1,0,2
CONT_s4_l2a_Valkaama,1789834789.268,0.1025,6201,9,0,28698862.4,0,2
CONT_s4_l2a_Valkaama,1789834789.371,0.1025,6210,8,0,19322613.6,0,3
CONT_s4_l2a_Valkaama,1789834789.473,0.1025,4930,8,0,19635116.5,0,2
CONT_s4_l2a_Valkaama,1789834789.576,0.1025,7545,8,0,17761457.4,0,2
CONT_s4_l2a_Valkaama,1789834789.678,0.1024,6136,8,0,16131547.5,0,2
CONT_s4_l2a_Valkaama,1789834789.781,0.1024,4602,6,0,17365354.5,0,2
CONT_s4_l2a_Valkaama,1789834789.883,0.1026,7528,8,0,17849042.9,0,2
CONT_s4_l2a_Valkaama,1789834789.986,0.1025,6120,8,0,15079328.5,0,2
CONT_s4_l2a_Valkaama,1789834790.088,0.1023,4906,8,0,17743079.0,0,2
CONT_s4_l2a_Valkaama,1789834790.19,0.1024,6064,7,0,20631205.7,0,2
CONT_s4_l2a_Valkaama,1789834790.293,0.1025,21114,23,0,11381327.1,0,2
CONT_s4_l2a_Valkaama,1789834790.395,0.1026,21459,25,0,6434054.2,0,2
CONT_s4_l2a_Valkaama,1789834790.498,0.1026,10587,12,0,5933799.3,0,2
CONT_s4_l2a_Valkaama,1789834790.6,0.1023,7711,11,0,6335778.4,0,2
CONT_s4_l2a_Valkaama,1789834790.703,0.1024,5710,13,0,7740551.6,0,2
CONT_s4_l2a_Valkaama,1789834790.805,0.1025,0,0,0,0,0,0
CONT_s4_l2a_Valkaama,1789834790.908,0.1026,14812,12,0,17329261.0,0,2
CONT_s4_l2a_Valkaama,1789834791.01,0.1026,0,0,0,0,0,0
CONT_s4_l2a_Valkaama,1789834791.113,0.1023,19505,17,0,21851585.5,0,2
CONT_s4_l2a_Valkaama,1789834791.215,0.1024,61,1,0,37493627.0,0,1
CONT_s4_l2a_Valkaama,1789834791.317,0.1024,14934,14,0,26117958.9,0,2
CONT_s4_l2a_Valkaama,1789834791.42,0.1026,141,1,0,4622821.0,0,1
CONT_s4_l2a_Valkaama,1789834791.523,0.1028,15190,18,0,27483963.9,0,2
CONT_s4_l2a_Valkaama,1789834791.625,0.1024,4727,5,0,24104541.4,0,2
CONT_s4_l2a_Valkaama,1789834791.729,0.1033,9071,10,0,25413726.0,0,2
CONT_s4_l2a_Valkaama,1789834791.832,0.1033,8938,8,0,26236963.0,0,2
CONT_s4_l2a_Valkaama,1789834791.935,0.1026,6059,7,0,26216181.4,0,2
CONT_s4_l2a_Valkaama,1789834792.037,0.1025,10782,12,0,25622540.0,0,2
CONT_s4_l2a_Valkaama,1789834792.139,0.1023,6059,7,0,25024489.0,0,2
CONT_s4_l2a_Valkaama,1789834792.242,0.1024,8936,8,0,26651696.8,0,2
CONT_s4_l2a_Valkaama,1789834792.344,0.1026,8997,9,0,26326780.3,0,2
CONT_s4_l2a_Valkaama,1789834792.448,0.1038,7855,10,0,26206556.8,0,2
CONT_s4_l2a_Valkaama,1789834792.551,0.1025,6127,8,0,25100427.0,0,2
CONT_s4_l2a_Valkaama,1789834792.653,0.1024,8940,8,0,27079448.0,0,2
CONT_s4_l2a_Valkaama,1789834792.755,0.1024,6128,8,0,22132972.5,0,2
CONT_s4_l2a_Valkaama,1789834792.858,0.1025,8940,8,0,25052543.5,0,2
CONT_s4_l2a_Valkaama,1789834792.96,0.1025,7929,11,0,22259916.3,0,2
CONT_s4_l2a_Valkaama,1789834793.063,0.1025,8940,8,0,23674149.5,0,2
CONT_s4_l2a_Valkaama,1789834793.165,0.1024,7534,8,0,23817212.5,0,2
CONT_s4_l2a_Valkaama,1789834793.268,0.1024,3123,5,0,21721555.2,0,2
CONT_s4_l2a_Valkaama,1789834793.37,0.1025,12324,14,0,20359901.0,0,2
CONT_s4_l2a_Valkaama,1789834793.473,0.1025,7674,9,0,20900242.3,0,3
CONT_s4_l2a_Valkaama,1789834793.575,0.1024,7534,8,0,23858874.8,0,2
CONT_s4_l2a_Valkaama,1789834793.678,0.1024,8945,8,0,25279054.8,0,2
CONT_s4_l2a_Valkaama,1789834793.78,0.1024,2115,8,0,22676944.5,0,2
CONT_s4_l2a_Valkaama,1789834793.883,0.1025,13221,9,0,24388126.0,0,1
CONT_s4_l2a_Valkaama,1789834793.985,0.1025,1591,3,0,35615150.7,0,2
CONT_s4_l2a_Valkaama,1789834794.087,0.1024,0,0,0,0,0,0
CONT_s4_l2a_Valkaama,1789834794.19,0.1024,19566,18,0,27600547.0,0,2
CONT_s4_l2a_Valkaama,1789834794.292,0.1025,8814,6,0,27429868.0,0,1
CONT_s4_l2a_Valkaama,1789834794.395,0.1025,9058,10,0,34728417.4,0,2
CONT_s4_l2a_Valkaama,1789834794.497,0.1025,7912,11,0,29995805.0,0,2
CONT_s4_l2a_Valkaama,1789834794.6,0.1023,7471,7,0,29292380.6,0,2
CONT_s4_l2a_Valkaama,1789834794.702,0.1024,6070,7,0,30106131.3,0,2
CONT_s4_l2a_Valkaama,1789834794.804,0.1024,7471,7,0,30673206.6,0,2
CONT_s4_l2a_Valkaama,1789834794.907,0.1026,7469,7,0,31497405.1,0,2
CONT_s4_l2a_Valkaama,1789834795.009,0.1025,10405,9,0,32504366.4,0,2
CONT_s4_l2a_Valkaama,1789834795.112,0.1024,6376,9,0,28978169.7,0,2
CONT_s4_l2a_Valkaama,1789834795.214,0.1024,7467,7,0,30029039.9,0,2
CONT_s4_l2a_Valkaama,1789834795.317,0.1025,8936,8,0,31030195.2,0,2
CONT_s4_l2a_Valkaama,1789834795.419,0.1025,6139,7,0,27162202.1,0,3
CONT_s4_l2a_Valkaama,1789834795.522,0.1025,9502,14,0,28434133.3,0,2
CONT_s4_l2a_Valkaama,1789834795.624,0.1024,6002,6,0,28819499.0,0,2
CONT_s4_l2a_Valkaama,1789834795.727,0.1028,9174,12,0,26129398.8,0,3
CONT_s4_l2a_Valkaama,1789834795.832,0.1048,9678,12,0,22962786.9,0,4
CONT_s4_l2a_Valkaama,1789834795.934,0.1027,4529,5,0,28386719.4,0,2
CONT_s4_l2a_Valkaama,1789834796.037,0.1026,10829,13,0,23462656.2,0,3
CONT_s4_l2a_Valkaama,1789834796.14,0.1025,6595,11,0,25200775.4,0,4
CONT_s4_l2a_Valkaama,1789834796.242,0.1026,8941,8,0,28781599.8,0,2
CONT_s4_l2a_Valkaama,1789834796.345,0.1026,8892,11,0,30428336.8,0,4
CONT_s4_l2a_Valkaama,1789834796.448,0.1035,7981,12,0,25381755.0,0,2
CONT_s4_l2a_Valkaama,1789834796.551,0.1026,7585,8,0,35511120.9,0,4
CONT_s4_l2a_Valkaama,1789834796.653,0.1025,7471,7,0,28979099.7,0,2
CONT_s4_l2a_Valkaama,1789834796.756,0.1028,7585,8,0,42029136.0,0,4
CONT_s4_l2a_Valkaama,1789834796.859,0.1027,7534,8,0,32642596.6,0,2
CONT_s4_l2a_Valkaama,1789834796.961,0.1027,6121,7,0,47239935.6,0,4
CONT_s4_l2a_Valkaama,1789834797.064,0.1029,6002,6,0,34772012.0,0,2
CONT_s4_l2a_Valkaama,1789834797.167,0.1026,10873,13,0,32529840.2,0,3
CONT_s4_l2a_Valkaama,1789834797.27,0.1026,7519,8,0,32866970.8,0,3
CONT_s4_l2a_Valkaama,1789834797.372,0.1028,9956,15,0,41714569.0,0,4
CONT_s4_l2a_Valkaama,1789834797.475,0.1027,1988,6,0,37260403.8,0,5
CONT_s4_l2a_Valkaama,1789834797.578,0.1026,13282,10,0,28521602.1,0,2
CONT_s4_l2a_Valkaama,1789834797.68,0.1026,7613,8,0,58435692.1,0,4
CONT_s4_l2a_Valkaama,1789834797.783,0.1026,7677,10,0,45229186.8,0,4
CONT_s4_l2a_Valkaama,1789834797.886,0.1027,7648,9,0,49034053.2,0,4
CONT_s4_l2a_Valkaama,1789834797.988,0.1027,9225,10,0,35135905.8,0,3
CONT_s4_l2a_Valkaama,1789834798.091,0.1025,7711,10,0,44977284.9,0,4
CONT_s4_l2a_Valkaama,1789834798.193,0.1025,4522,5,0,39195692.0,0,3
CONT_s4_l2a_Valkaama,1789834798.296,0.1026,10508,10,0,34676569.9,0,3
CONT_s4_l2a_Valkaama,1789834798.399,0.1028,6214,9,0,41833459.8,0,4
CONT_s4_l2a_Valkaama,1789834798.502,0.1029,9332,11,0,28560594.1,0,2
CONT_s4_l2a_Valkaama,1789834798.604,0.1026,7648,9,0,51225296.6,0,4
CONT_s4_l2a_Valkaama,1789834798.707,0.1028,9097,10,0,34682785.9,0,3
CONT_s4_l2a_Valkaama,1789834798.81,0.1028,6085,7,0,46808140.9,0,4
CONT_s4_l2a_Valkaama,1789834798.913,0.1029,9071,10,0,27255840.0,0,2
CONT_s4_l2a_Valkaama,1789834799.016,0.1028,7553,7,0,69018793.6,0,4
CONT_s4_l2a_Valkaama,1789834799.118,0.1027,7910,11,0,29220113.8,0,2
CONT_s4_l2a_Valkaama,1789834799.221,0.1028,6083,6,0,73344583.5,0,4
CONT_s4_l2a_Valkaama,1789834799.324,0.1028,9126,11,0,33054214.4,0,2
CONT_s4_l2a_Valkaama,1789834799.427,0.103,9226,10,0,55145874.5,0,5
CONT_s4_l2a_Valkaama,1789834799.53,0.1028,7597,9,0,33804422.7,0,2
CONT_s4_l2a_Valkaama,1789834799.632,0.1027,6038,6,0,45812095.7,0,3
CONT_s4_l2a_Valkaama,1789834799.735,0.1027,9117,10,0,51332452.8,0,4
CONT_s4_l2a_Valkaama,1789834799.838,0.1031,7791,9,0,32534836.0,0,2
CONT_s4_l2a_Valkaama,1789834799.945,0.1067,7612,8,0,66886422.6,0,4
CONT_s4_l2a_Valkaama,1789834800.048,0.1028,7560,8,0,42428192.5,0,3
CONT_s4_l2a_Valkaama,1789834800.15,0.1025,9166,10,0,67767558.4,0,4
CONT_s4_l2a_Valkaama,1789834800.253,0.1026,7596,9,0,36168160.2,0,2
CONT_s4_l2a_Valkaama,1789834800.356,0.1027,7604,7,0,85519932.3,0,2
CONT_s4_l2a_Valkaama,1789834800.458,0.1028,7665,10,0,36297393.5,0,2
CONT_s4_l2a_Valkaama,1789834800.561,0.1027,6427,9,0,51542835.8,0,4
CONT_s4_l2a_Valkaama,1789834800.664,0.1027,10582,11,0,48807026.6,0,4
CONT_s4_l2a_Valkaama,1789834800.766,0.1027,7703,10,0,49778996.9,0,4
CONT_s4_l2a_Valkaama,1789834800.869,0.1026,6113,7,0,59616509.1,0,4
CONT_s4_l2a_Valkaama,1789834800.972,0.1028,7657,10,0,29907765.0,0,2
CONT_s4_l2a_Valkaama,1789834801.074,0.1027,7641,8,0,79284238.0,0,4
CONT_s4_l2a_Valkaama,1789834801.177,0.1027,9129,11,0,28182450.4,0,2
CONT_s4_l2a_Valkaama,1789834801.28,0.1028,7965,10,0,71159785.4,0,4
CONT_s4_l2a_Valkaama,1789834801.383,0.1029,9058,10,0,26255609.8,0,2
CONT_s4_l2a_Valkaama,1789834801.486,0.1027,6306,8,0,77857930.9,0,4
CONT_s4_l2a_Valkaama,1789834801.588,0.1026,9058,10,0,31553859.2,0,2
CONT_s4_l2a_Valkaama,1789834801.691,0.1026,6112,7,0,62087921.7,0,4
CONT_s4_l2a_Valkaama,1789834801.794,0.1029,9181,11,0,52379636.1,0,4
CONT_s4_l2a_Valkaama,1789834801.897,0.1029,6373,8,0,58534682.1,0,4
CONT_s4_l2a_Valkaama,1789834801.999,0.1027,9230,12,0,48149240.8,0,4
CONT_s4_l2a_Valkaama,1789834802.102,0.1025,7581,8,0,58810348.1,0,4
CONT_s4_l2a_Valkaama,1789834802.204,0.1026,9111,10,0,52955792.7,0,4
CONT_s4_l2a_Valkaama,1789834802.307,0.1028,6059,7,0,31185442.7,0,2
CONT_s4_l2a_Valkaama,1789834802.41,0.1029,9103,9,0,81792500.3,0,4
CONT_s4_l2a_Valkaama,1789834802.513,0.1028,7709,10,0,54862270.3,0,4
CONT_s4_l2a_Valkaama,1789834802.615,0.1025,7964,11,0,53186232.6,0,4
CONT_s4_l2a_Valkaama,1789834802.718,0.1026,7520,7,0,63711490.7,0,4
CONT_s4_l2a_Valkaama,1789834802.821,0.1026,7703,10,0,54079070.7,0,4
CONT_s4_l2a_Valkaama,1789834802.924,0.1029,7581,8,0,59204350.8,0,4
CONT_s4_l2a_Valkaama,1789834803.026,0.1027,9050,9,0,54632697.0,0,4
CONT_s4_l2a_Valkaama,1789834803.129,0.1025,7642,9,0,55523224.3,0,4
CONT_s4_l2a_Valkaama,1789834803.231,0.1026,4582,5,0,70627625.6,0,4
CONT_s4_l2a_Valkaama,1789834803.335,0.1036,10585,11,0,49189526.4,0,4
CONT_s4_l2a_Valkaama,1789834803.438,0.1028,9031,16,0,51211589.3,0,5
CONT_s4_l2a_Valkaama,1789834803.541,0.1028,6104,6,0,77892772.7,0,2
CONT_s4_l2a_Valkaama,1789834803.643,0.1026,9156,9,0,64649864.7,0,2
CONT_s4_l2a_Valkaama,1789834803.746,0.1028,6104,6,0,57898063.3,0,2
CONT_s4_l2a_Valkaama,1789834803.849,0.1028,9156,9,0,50069017.3,0,2
CONT_s4_l2a_Valkaama,1789834803.952,0.1035,6114,7,0,63419563.1,0,4
CONT_s4_l2a_Valkaama,1789834804.055,0.1027,3052,3,0,50130124.3,0,2
CONT_s4_l2a_Valkaama,1789834804.158,0.1027,13585,14,0,66190509.4,0,4
CONT_s4_l2a_Valkaama,1789834804.26,0.1027,6053,6,0,65593467.8,0,4
CONT_s4_l2a_Valkaama,1789834804.363,0.1028,8940,8,0,60135487.8,0,2
CONT_s4_l2a_Valkaama,1789834804.466,0.1029,9105,9,0,69174838.6,0,4
CONT_s4_l2a_Valkaama,1789834804.569,0.1028,7695,8,0,50407676.4,0,2
CONT_s4_l2a_Valkaama,1789834804.672,0.1027,7699,9,0,72813733.0,0,4
CONT_s4_l2a_Valkaama,1789834804.774,0.1027,6067,7,0,55497244.6,0,2
CONT_s4_l2a_Valkaama,1789834804.877,0.1028,9170,10,0,72014713.0,0,4
CONT_s4_l2a_Valkaama,1789834804.98,0.1028,7545,8,0,53599006.9,0,2
CONT_s4_l2a_Valkaama,1789834805.083,0.1027,9107,9,0,74942507.9,0,4
CONT_s4_l2a_Valkaama,1789834805.185,0.1027,7528,8,0,52805096.6,0,2
CONT_s4_l2a_Valkaama,1789834805.288,0.1028,6104,6,0,87408812.3,0,2
CONT_s4_l2a_Valkaama,1789834805.391,0.1029,7792,9,0,53767440.7,0,2
CONT_s4_l2a_Valkaama,1789834805.494,0.1028,7722,9,0,61088252.0,0,5
CONT_s4_l2a_Valkaama,1789834805.596,0.1028,9276,13,0,62437128.2,0,5
CONT_s4_l2a_Valkaama,1789834805.699,0.1028,9113,9,0,58139679.6,0,5
CONT_s4_l2a_Valkaama,1789834805.802,0.1029,8171,10,0,46917220.3,0,3
CONT_s4_l2a_Valkaama,1789834805.905,0.1032,7996,11,0,29916766.4,0,4
CONT_s4_l2a_Valkaama,1789834806.008,0.103,4920,8,0,41432892.0,0,2
CONT_s4_l2a_Valkaama,1789834806.111,0.1029,11382,12,0,32809140.8,0,4
CONT_s4_l2a_Valkaama,1789834806.214,0.1029,6059,7,0,44236371.6,0,2
CONT_s4_l2a_Valkaama,1789834806.317,0.1028,7645,9,0,42269157.2,0,4
CONT_s4_l2a_Valkaama,1789834806.42,0.103,9179,11,0,45578056.4,0,4
CONT_s4_l2a_Valkaama,1789834806.523,0.1029,6053,6,0,49260297.8,0,4
CONT_s4_l2a_Valkaama,1789834806.626,0.1028,8436,11,0,46617793.2,0,4
CONT_s4_l2a_Valkaama,1789834806.729,0.103,6405,9,0,53351667.8,0,4
CONT_s4_l2a_Valkaama,1789834806.833,0.1046,8875,7,0,42418965.3,0,2
CONT_s4_l2a_Valkaama,1789834806.936,0.1029,7634,8,0,59695600.2,0,4
CONT_s4_l2a_Valkaama,1789834807.039,0.1029,10344,8,0,37227839.0,0,2
CONT_s4_l2a_Valkaama,1789834807.142,0.1027,7573,7,0,69430103.0,0,3
CONT_s4_l2a_Valkaama,1789834807.245,0.1029,7992,11,0,56216077.8,0,4
CONT_s4_l2a_Valkaama,1789834807.348,0.1028,6104,6,0,63044368.7,0,2
CONT_s4_l2a_Valkaama,1789834807.451,0.1038,6204,8,0,43165143.9,0,3
CONT_s4_l2a_Valkaama,1789834807.554,0.1028,10574,10,0,60954241.2,0,4
CONT_s4_l2a_Valkaama,1789834807.657,0.1028,6002,6,0,51567224.3,0,2
CONT_s4_l2a_Valkaama,1789834807.76,0.1028,8991,8,0,60654486.0,0,4
CONT_s4_l2a_Valkaama,1789834807.863,0.1029,9054,9,0,61946931.0,0,4
CONT_s4_l2a_Valkaama,1789834807.966,0.1029,6104,6,0,78346094.3,0,2
CONT_s4_l2a_Valkaama,1789834808.068,0.1028,9189,11,0,63226560.4,0,4
CONT_s4_l2a_Valkaama,1789834808.171,0.1027,3052,3,0,77320215.7,0,2
CONT_s4_l2a_Valkaama,1789834808.274,0.103,12112,13,0,62559424.9,0,4
CONT_s4_l2a_Valkaama,1789834808.377,0.1029,9300,10,0,61016456.2,0,4
CONT_s4_l2a_Valkaama,1789834808.48,0.103,7642,9,0,64720873.2,0,4
CONT_s4_l2a_Valkaama,1789834808.583,0.1028,4582,5,0,72891422.4,0,4
CONT_s4_l2a_Valkaama,1789834808.685,0.1028,10466,10,0,44005094.0,0,2
CONT_s4_l2a_Valkaama,1789834808.788,0.1029,7573,7,0,84741677.3,0,3
CONT_s4_l2a_Valkaama,1789834808.891,0.1031,7706,10,0,60997689.1,0,4
CONT_s4_l2a_Valkaama,1789834808.994,0.1029,4904,7,0,65299384.7,0,4
CONT_s4_l2a_Valkaama,1789834809.097,0.1027,10523,10,0,58439378.9,0,4
CONT_s4_l2a_Valkaama,1789834809.2,0.1028,6121,7,0,65989308.0,0,4
CONT_s4_l2a_Valkaama,1789834809.303,0.1029,10523,10,0,59887802.6,0,4
CONT_s4_l2a_Valkaama,1789834809.406,0.103,7520,7,0,67735193.9,0,4
CONT_s4_l2a_Valkaama,1789834809.509,0.1029,7669,9,0,40123829.1,0,3
CONT_s4_l2a_Valkaama,1789834809.611,0.1028,7635,8,0,84721242.0,0,4
CONT_s4_l2a_Valkaama,1789834809.714,0.1028,6452,10,0,39000312.5,0,2
CONT_s4_l2a_Valkaama,1789834809.817,0.1029,9105,9,0,79049486.1,0,4
CONT_s4_l2a_Valkaama,1789834809.92,0.103,9054,9,0,62405655.8,0,4
CONT_s4_l2a_Valkaama,1789834810.023,0.1029,6053,6,0,72255219.0,0,4
CONT_s4_l2a_Valkaama,1789834810.126,0.1028,7471,7,0,44927780.0,0,2
CONT_s4_l2a_Valkaama,1789834810.229,0.1028,9110,9,0,81884871.4,0,4
CONT_s4_l2a_Valkaama,1789834810.334,0.1057,8877,7,0,45108503.3,0,2
CONT_s4_l2a_Valkaama,1789834810.437,0.1029,6167,7,0,93485239.9,0,3
CONT_s4_l2a_Valkaama,1789834810.54,0.1029,7844,10,0,44863448.2,0,2
CONT_s4_l2a_Valkaama,1789834810.643,0.1027,9166,10,0,80583420.6,0,4
CONT_s4_l2a_Valkaama,1789834810.748,0.1047,7777,10,0,43107978.8,0,2
CONT_s4_l2a_Valkaama,1789834810.851,0.103,8144,10,0,80188368.7,0,4
CONT_s4_l2a_Valkaama,1789834810.955,0.1039,6400,9,0,75443013.8,0,4
CONT_s4_l2a_Valkaama,1789834811.057,0.1028,0,0,0,0,0,0
CONT_s4_l2a_Valkaama,1789834811.16,0.1027,16448,14,0,63433279.4,0,4
CONT_s4_l2a_Valkaama,1789834811.263,0.1029,0,0,0,0,0,0
CONT_s4_l2a_Valkaama,1789834811.366,0.1028,14865,12,0,58055342.1,0,4
CONT_s4_l2a_Valkaama,1789834811.469,0.1028,3193,4,0,74908455.8,0,3
CONT_s4_l2a_Valkaama,1789834811.572,0.1029,12099,11,0,39620387.9,0,2
CONT_s4_l2a_Valkaama,1789834811.674,0.1028,9885,13,0,60203560.2,0,4
CONT_s4_l2a_Valkaama,1789834811.777,0.1029,5867,10,0,6959859.4,0,2
CONT_s4_l2a_Valkaama,1789834811.88,0.103,10138,9,0,14825857.0,0,2
CONT_s4_l2a_Valkaama,1789834811.983,0.103,6052,5,0,18562080.0,0,2
CONT_s4_l2a_Valkaama,1789834812.087,0.1033,9114,9,0,51905220.6,0,4
CONT_s4_l2a_Valkaama,1789834812.189,0.1029,6052,5,0,26696577.0,0,2
CONT_s4_l2a_Valkaama,1789834812.293,0.103,7585,7,0,46841649.1,0,4
CONT_s4_l2a_Valkaama,1789834812.396,0.1032,9104,8,0,30156165.5,0,2
CONT_s4_l2a_Valkaama,1789834812.499,0.1031,7552,6,0,31984829.2,0,2
CONT_s4_l2a_Valkaama,1789834812.602,0.1029,9104,8,0,31346255.8,0,2
CONT_s4_l2a_Valkaama,1789834812.705,0.1029,0,0,0,0,0,0
CONT_s4_l2a_Valkaama,1789834812.808,0.1032,15104,12,0,32940555.3,0,2
CONT_s4_l2a_Valkaama,1789834812.911,0.1032,6122,7,0,92091087.1,0,4
CONT_s4_l2a_Valkaama,1789834813.014,0.1031,9158,10,0,90835639.5,0,4
CONT_s4_l2a_Valkaama,1789834813.117,0.1029,4588,5,0,72364611.2,0,4
CONT_s4_l2a_Valkaama,1789834813.22,0.1029,12109,11,0,62476360.9,0,4
CONT_s4_l2a_Valkaama,1789834813.323,0.1031,4656,6,0,79597807.3,0,4
CONT_s4_l2a_Valkaama,1789834813.426,0.1032,9126,9,0,75524627.8,0,4
CONT_s4_l2a_Valkaama,1789834813.529,0.1031,7773,9,0,68445140.8,0,5
CONT_s4_l2a_Valkaama,1789834813.632,0.1029,9196,11,0,80569353.6,0,4
CONT_s4_l2a_Valkaama,1789834813.735,0.103,7604,7,0,50246805.9,0,2
CONT_s4_l2a_Valkaama,1789834813.839,0.1035,7967,12,0,74441074.5,0,2
CONT_s4_l2a_Valkaama,1789834813.943,0.1045,6104,6,0,53690344.3,0,2
CONT_s4_l2a_Valkaama,1789834814.046,0.1031,10674,12,0,65803217.8,0,4
CONT_s4_l2a_Valkaama,1789834814.149,0.1029,6052,5,0,55421982.0,0,2
CONT_s4_l2a_Valkaama,1789834814.252,0.103,9118,9,0,65471930.0,0,4
CONT_s4_l2a_Valkaama,1789834814.355,0.103,7585,7,0,60490620.3,0,4
CONT_s4_l2a_Valkaama,1789834814.458,0.1031,7587,7,0,59451444.1,0,4
CONT_s4_l2a_Valkaama,1789834814.561,0.1029,7587,7,0,60953850.9,0,4
CONT_s4_l2a_Valkaama,1789834814.664,0.103,7587,7,0,60041183.3,0,4
CONT_s4_l2a_Valkaama,1789834814.767,0.1029,4612,6,0,85102306.5,0,2
CONT_s4_l2a_Valkaama,1789834814.87,0.103,12073,10,0,54370223.2,0,3
CONT_s4_l2a_Valkaama,1789834814.973,0.103,6126,8,0,80940668.0,0,2
CONT_s4_l2a_Valkaama,1789834815.076,0.103,9073,8,0,58896224.6,0,3
CONT_s4_l2a_Valkaama,1789834815.179,0.103,7906,11,0,66528500.7,0,2
CONT_s4_l2a_Valkaama,1789834815.282,0.1031,4665,6,0,64995568.3,0,3
CONT_s4_l2a_Valkaama,1789834815.385,0.103,10674,12,0,63730545.7,0,4
CONT_s4_l2a_Valkaama,1789834815.488,0.1031,6224,7,0,55999325.9,0,5
CONT_s4_l2a_Valkaama,1789834815.591,0.1029,10651,11,0,63795206.1,0,4
CONT_s4_l2a_Valkaama,1789834815.694,0.1031,7590,7,0,62383193.6,0,4
CONT_s4_l2a_Valkaama,1789834815.797,0.103,7586,7,0,60749230.4,0,4
CONT_s4_l2a_Valkaama,1789834815.9,0.1032,4601,6,0,65210451.0,0,2
CONT_s4_l2a_Valkaama,1789834816.003,0.1031,6052,5,0,60450675.8,0,2
CONT_s4_l2a_Valkaama,1789834816.106,0.1029,10649,11,0,64269134.0,0,4
CONT_s4_l2a_Valkaama,1789834816.209,0.1029,6052,5,0,57633144.2,0,2
CONT_s4_l2a_Valkaama,1789834816.312,0.103,10983,13,0,65448383.2,0,4
CONT_s4_l2a_Valkaama,1789834816.415,0.1032,9139,9,0,59694806.3,0,4
CONT_s4_l2a_Valkaama,1789834816.518,0.1031,4607,6,0,67830501.5,0,2
CONT_s4_l2a_Valkaama,1789834816.621,0.1029,10640,10,0,59641373.0,0,4
CONT_s4_l2a_Valkaama,1789834816.724,0.1029,4608,6,0,64600586.5,0,2
CONT_s4_l2a_Valkaama,1789834816.828,0.1034,10645,10,0,59999217.3,0,4
CONT_s4_l2a_Valkaama,1789834816.931,0.1032,6077,7,0,61124112.7,0,2
CONT_s4_l2a_Valkaama,1789834817.034,0.1031,10573,9,0,61046575.0,0,3
CONT_s4_l2a_Valkaama,1789834817.137,0.1029,7528,8,0,57820312.9,0,2
CONT_s4_l2a_Valkaama,1789834817.24,0.1029,4613,5,0,66882003.8,0,3
CONT_s4_l2a_Valkaama,1789834817.343,0.1034,9407,11,0,60520302.3,0,4
CONT_s4_l2a_Valkaama,1789834817.448,0.1043,9104,8,0,62310593.0,0,2
CONT_s4_l2a_Valkaama,1789834817.551,0.1031,7611,8,0,52678705.1,0,3
CONT_s4_l2a_Valkaama,1789834817.654,0.1029,4615,5,0,66591141.4,0,3
CONT_s4_l2a_Valkaama,1789834817.756,0.103,11539,12,0,63559366.3,0,4
CONT_s4_l2a_Valkaama,1789834817.86,0.1031,7736,10,0,63541029.0,0,4
CONT_s4_l2a_Valkaama,1789834817.963,0.1031,6409,9,0,62754696.3,0,4
CONT_s4_l2a_Valkaama,1789834818.066,0.103,8875,7,0,61896196.3,0,2
CONT_s4_l2a_Valkaama,1789834818.169,0.1029,7604,7,0,60881827.3,0,2
CONT_s4_l2a_Valkaama,1789834818.272,0.103,0,0,0,0,0,0
CONT_s4_l2a_Valkaama,1789834818.375,0.103,16448,14,0,64220052.4,0,4
CONT_s4_l2a_Valkaama,1789834818.478,0.103,0,0,0,0,0,0
CONT_s4_l2a_Valkaama,1789834818.581,0.103,14865,12,0,61582038.2,0,4
CONT_s4_l2a_Valkaama,1789834818.684,0.103,7838,9,0,66505761.4,0,4
CONT_s4_l2a_Valkaama,1789834818.787,0.103,6104,6,0,70582104.7,0,2
CONT_s4_l2a_Valkaama,1789834818.89,0.1031,9145,10,0,67955825.1,0,4
CONT_s4_l2a_Valkaama,1789834818.993,0.1031,3052,3,0,66265045.7,0,2
CONT_s4_l2a_Valkaama,1789834819.096,0.1029,13460,12,0,68078542.6,0,4
CONT_s4_l2a_Valkaama,1789834819.199,0.103,4584,5,0,74338177.8,0,4
CONT_s4_l2a_Valkaama,1789834819.302,0.103,11846,9,0,53872503.9,0,3
CONT_s4_l2a_Valkaama,1789834819.405,0.1032,4584,5,0,74452666.6,0,4
CONT_s4_l2a_Valkaama,1789834819.508,0.1031,11281,16,0,57798781.9,0,5
CONT_s4_l2a_Valkaama,1789834819.611,0.1029,7898,10,0,64013914.1,0,4
CONT_s4_l2a_Valkaama,1789834819.714,0.1029,7604,7,0,58836128.3,0,2
CONT_s4_l2a_Valkaama,1789834819.817,0.103,7604,7,0,53739557.0,0,2
CONT_s4_l2a_Valkaama,1789834819.92,0.1032,4552,4,0,50484339.2,0,2
CONT_s4_l2a_Valkaama,1789834820.023,0.1031,9104,8,0,46171959.2,0,2
CONT_s4_l2a_Valkaama,1789834820.126,0.1029,7614,8,0,73072917.6,0,4
CONT_s4_l2a_Valkaama,1789834820.229,0.1032,10637,10,0,56654264.0,0,4
CONT_s4_l2a_Valkaama,1789834820.334,0.1052,4552,4,0,45334229.0,0,2
CONT_s4_l2a_Valkaama,1789834820.437,0.103,4552,4,0,43810108.8,0,2
CONT_s4_l2a_Valkaama,1789834820.54,0.1031,12154,13,0,78617099.4,0,4
CONT_s4_l2a_Valkaama,1789834820.643,0.1031,9024,8,0,70896004.8,0,4
CONT_s4_l2a_Valkaama,1789834820.746,0.103,9024,8,0,71929643.2,0,4
CONT_s4_l2a_Valkaama,1789834820.849,0.1031,4552,4,0,56534050.0,0,2
CONT_s4_l2a_Valkaama,1789834820.954,0.1045,9024,8,0,73851101.8,0,4
CONT_s4_l2a_Valkaama,1789834821.057,0.1031,9577,14,0,74131034.5,0,4
CONT_s4_l2a_Valkaama,1789834821.16,0.1031,4552,4,0,58343361.5,0,2
CONT_s4_l2a_Valkaama,1789834821.263,0.103,10495,9,0,69633120.4,0,4
CONT_s4_l2a_Valkaama,1789834821.366,0.1031,6088,6,0,69518667.8,0,4
CONT_s4_l2a_Valkaama,1789834821.469,0.1031,4552,4,0,58667662.0,0,2
CONT_s4_l2a_Valkaama,1789834821.572,0.103,12146,12,0,70220943.1,0,5
CONT_s4_l2a_Valkaama,1789834821.675,0.103,3052,3,0,65569866.0,0,2
CONT_s4_l2a_Valkaama,1789834821.778,0.103,13463,12,0,73986899.4,0,4
CONT_s4_l2a_Valkaama,1789834821.881,0.1032,6083,6,0,76022889.7,0,4
CONT_s4_l2a_Valkaama,1789834821.984,0.1031,7604,7,0,62319751.3,0,2
CONT_s4_l2a_Valkaama,1789834822.087,0.1029,10677,12,0,76048069.1,0,4
CONT_s4_l2a_Valkaama,1789834822.19,0.103,7553,7,0,69620538.4,0,4
CONT_s4_l2a_Valkaama,1789834822.293,0.103,6329,8,0,70282475.0,0,2
CONT_s4_l2a_Valkaama,1789834822.397,0.1033,9144,9,0,62727348.7,0,2
CONT_s4_l2a_Valkaama,1789834822.5,0.103,7666,10,0,70059149.5,0,2
CONT_s4_l2a_Valkaama,1789834822.603,0.103,4500,3,0,68683261.0,0,1
CONT_s4_l2a_Valkaama,1789834822.706,0.1029,10506,9,0,70328572.2,0,3
CONT_s4_l2a_Valkaama,1789834822.809,0.103,9014,9,0,60583751.0,0,2
CONT_s4_l2a_Valkaama,1789834822.912,0.1031,1553,8,0,51840205.5,0,2
CONT_s4_l2a_Valkaama,1789834823.015,0.103,10603,10,0,38987391.1,0,3
CONT_s4_l2a_Valkaama,1789834823.118,0.103,11875,10,0,40754826.6,0,2
CONT_s4_l2a_Valkaama,1789834823.221,0.1031,0,0,0,0,0,0
CONT_s4_l2a_Valkaama,1789834823.324,0.103,12234,13,0,41938536.6,0,2
CONT_s4_l2a_Valkaama,1789834823.427,0.1031,5939,5,0,38625406.2,0,2
CONT_s4_l2a_Valkaama,1789834823.53,0.1031,9018,8,0,32301475.2,0,3
CONT_s4_l2a_Valkaama,1789834823.633,0.103,7408,6,0,36991965.7,0,2
CONT_s4_l2a_Valkaama,1789834823.736,0.1032,12126,11,0,31772926.1,0,2
CONT_s4_l2a_Valkaama,1789834823.84,0.1035,4533,5,0,40604874.2,0,2
CONT_s4_l2a_Valkaama,1789834823.944,0.1046,9075,8,0,30085194.4,0,3
CONT_s4_l2a_Valkaama,1789834824.047,0.1031,4599,6,0,41563138.5,0,2
CONT_s4_l2a_Valkaama,1789834824.15,0.1029,13047,19,0,32243429.0,0,2
CONT_s4_l2a_Valkaama,1789834824.253,0.1031,0,0,0,0,0,0
CONT_s4_l2a_Valkaama,1789834824.357,0.1032,13282,10,0,29109867.2,0,2
CONT_s4_l2a_Valkaama,1789834824.46,0.1031,0,0,0,0,0,0
CONT_s4_l2a_Valkaama,1789834824.563,0.103,14750,11,0,29457388.4,0,2
CONT_s4_l2a_Valkaama,1789834824.666,0.103,6248,7,0,29999711.0,0,2
CONT_s4_l2a_Valkaama,1789834824.769,0.1031,10466,10,0,33563576.5,0,2
CONT_s4_l2a_Valkaama,1789834824.872,0.1031,5937,5,0,32030426.0,0,2
CONT_s4_l2a_Valkaama,1789834824.975,0.1031,12072,11,0,28744501.8,0,3
CONT_s4_l2a_Valkaama,1789834825.078,0.103,7810,9,0,33299145.0,0,2
CONT_s4_l2a_Valkaama,1789834825.181,0.103,1531,2,0,35130816.0,0,2
CONT_s4_l2a_Valkaama,1789834825.284,0.1031,13534,14,0,34259730.6,0,2
CONT_s4_l2a_Valkaama,1789834825.387,0.1032,4538,5,0,33584893.4,0,2
CONT_s4_l2a_Valkaama,1789834825.49,0.1031,12082,12,0,29921988.1,0,3
CONT_s4_l2a_Valkaama,1789834825.593,0.103,3461,7,0,29336383.7,0,2
CONT_s4_l2a_Valkaama,1789834825.696,0.103,11874,10,0,30344178.6,0,2
CONT_s4_l2a_Valkaama,1789834825.799,0.1031,2093,8,0,28095053.1,0,2
CONT_s4_l2a_Valkaama,1789834825.902,0.103,13282,10,0,27551487.4,0,2
CONT_s4_l2a_Valkaama,1789834826.006,0.1031,8170,13,0,25558962.9,0,3
CONT_s4_l2a_Valkaama,1789834826.109,0.103,9002,9,0,24087610.3,0,2
CONT_s4_l2a_Valkaama,1789834826.212,0.1031,6191,9,0,21334782.2,0,2
CONT_s4_l2a_Valkaama,1789834826.315,0.103,9003,9,0,19334941.3,0,2
CONT_s4_l2a_Valkaama,1789834826.418,0.1032,6133,8,0,21044475.5,0,2
CONT_s4_l2a_Valkaama,1789834826.521,0.1031,9064,10,0,20088935.8,0,2
CONT_s4_l2a_Valkaama,1789834826.624,0.103,7528,8,0,21430381.6,0,2
CONT_s4_l2a_Valkaama,1789834826.727,0.1033,9400,12,0,19468750.3,0,2
CONT_s4_l2a_Valkaama,1789834826.832,0.105,7528,8,0,21301463.8,0,2
CONT_s4_l2a_Valkaama,1789834826.936,0.1033,7533,8,0,21181675.6,0,2
CONT_s4_l2a_Valkaama,1789834827.039,0.1031,3122,5,0,19790636.2,0,2
CONT_s4_l2a_Valkaama,1789834827.142,0.1029,12471,16,0,21275402.2,0,2
CONT_s4_l2a_Valkaama,1789834827.245,0.103,9066,10,0,20208886.4,0,2
CONT_s4_l2a_Valkaama,1789834827.348,0.103,7597,9,0,18923409.1,0,2
CONT_s4_l2a_Valkaama,1789834827.451,0.1031,7665,10,0,17926197.5,0,2
CONT_s4_l2a_Valkaama,1789834827.554,0.1029,8030,11,0,15314545.2,0,3
CONT_s4_l2a_Valkaama,1789834827.657,0.103,8489,14,0,16761642.0,0,2
CONT_s4_l2a_Valkaama,1789834827.76,0.103,61,1,0,16868910.0,0,1
CONT_s4_l2a_Valkaama,1789834827.863,0.103,14812,12,0,23249625.3,0,2
CONT_s4_l2a_Valkaama,1789834827.966,0.1031,1530,2,0,25262065.5,0,2
CONT_s4_l2a_Valkaama,1789834828.069,0.103,14750,11,0,24696500.5,0,2
CONT_s4_l2a_Valkaama,1789834828.172,0.103,3317,5,0,30253568.0,0,2
CONT_s4_l2a_Valkaama,1789834828.275,0.103,0,0,0,0,0,0
CONT_s4_l2a_Valkaama,1789834828.378,0.103,19753,20,0,28612981.7,0,2
CONT_s4_l2a_Valkaama,1789834828.481,0.1031,7668,10,0,29351601.5,0,2
CONT_s4_l2a_Valkaama,1789834828.584,0.1031,9209,12,0,20725789.0,0,2
CONT_s4_l2a_Valkaama,1789834828.687,0.103,7605,9,0,16087171.1,0,2
CONT_s4_l2a_Valkaama,1789834828.79,0.1031,7654,10,0,14729608.5,0,2
CONT_s4_l2a_Valkaama,1789834828.893,0.103,7650,10,0,12369786.0,0,2
CONT_s4_l2a_Valkaama,1789834828.996,0.1032,6125,8,0,10427440.5,0,2
CONT_s4_l2a_Valkaama,1789834829.099,0.103,10814,12,0,11040872.7,0,2
CONT_s4_l2a_Valkaama,1789834829.202,0.1031,7650,10,0,9796913.0,0,2
CONT_s4_l2a_Valkaama,1789834829.305,0.103,7717,11,0,8593916.7,0,2
CONT_s4_l2a_Valkaama,1789834829.408,0.1031,7602,9,0,9235152.4,0,2
CONT_s4_l2a_Valkaama,1789834829.512,0.1032,7962,10,0,10630523.8,0,3
CONT_s4_l2a_Valkaama,1789834829.615,0.103,7656,10,0,12010849.0,0,2
CONT_s4_l2a_Valkaama,1789834829.718,0.1029,9119,11,0,13062054.1,0,2
CONT_s4_l2a_Valkaama,1789834829.821,0.1031,7467,7,0,15461424.3,0,2
CONT_s4_l2a_Valkaama,1789834829.924,0.1033,7655,10,0,16034131.5,0,2
CONT_s4_l2a_Valkaama,1789834830.027,0.1031,7754,8,0,17247915.5,0,2
CONT_s4_l2a_Valkaama,1789834830.13,0.103,7589,9,0,19320480.9,0,2
CONT_s4_l2a_Valkaama,1789834830.233,0.1029,8165,14,0,16850242.0,0,2
CONT_s4_l2a_Valkaama,1789834830.336,0.1033,3809,8,0,17663498.5,0,2
CONT_s4_l2a_Valkaama,1789834830.44,0.1034,13221,9,0,22449354.0,0,1
CONT_s4_l2a_Valkaama,1789834830.543,0.1033,61,1,0,25369383.0,0,1
CONT_s4_l2a_Valkaama,1789834830.646,0.103,14750,11,0,25095936.5,0,2
CONT_s4_l2a_Valkaama,1789834830.749,0.1031,6249,7,0,24935950.7,0,2
CONT_s4_l2a_Valkaama,1789834830.852,0.1033,8875,7,0,26373029.4,0,2
CONT_s4_l2a_Valkaama,1789834830.956,0.1031,7528,8,0,27412849.9,0,2
CONT_s4_l2a_Valkaama,1789834831.058,0.1029,8814,6,0,28028225.0,0,1
CONT_s4_l2a_Valkaama,1789834831.161,0.1029,3121,5,0,30166146.4,0,2
CONT_s4_l2a_Valkaama,1789834831.264,0.103,9280,10,0,26228755.5,0,2
CONT_s4_l2a_Valkaama,1789834831.368,0.1032,10533,11,0,30492352.8,0,2
CONT_s4_l2a_Valkaama,1789834831.471,0.1032,7602,9,0,26847285.0,0,2
CONT_s4_l2a_Valkaama,1789834831.574,0.103,7612,8,0,24612468.5,0,3
CONT_s4_l2a_Valkaama,1789834831.677,0.103,7878,10,0,24703428.4,0,2
CONT_s4_l2a_Valkaama,1789834831.78,0.103,8875,7,0,26965841.7,0,2
CONT_s4_l2a_Valkaama,1789834831.883,0.1031,7650,10,0,24249895.5,0,2
CONT_s4_l2a_Valkaama,1789834831.986,0.1033,7406,6,0,26133080.8,0,2
CONT_s4_l2a_Valkaama,1789834832.089,0.1031,7528,8,0,27034975.1,0,2
CONT_s4_l2a_Valkaama,1789834832.192,0.1031,9415,12,0,25529245.8,0,2
CONT_s4_l2a_Valkaama,1789834832.295,0.1031,7664,10,0,24916829.0,0,2
CONT_s4_l2a_Valkaama,1789834832.399,0.1032,3060,4,0,25352419.0,0,2
CONT_s4_l2a_Valkaama,1789834832.502,0.1031,0,0,0,0,0,0
CONT_s4_l2a_Valkaama,1789834832.605,0.103,0,0,0,0,0,0
CONT_s4_l2a_Valkaama,1789834832.708,0.1033,24351,26,0,28382690.3,0,2
CONT_s4_l2a_Valkaama,1789834832.811,0.1031,105014,102,0,3339385.3,0,2
CONT_s4_l2a_Valkaama,1789834832.915,0.1035,1448750,1193,0,202702.9,0,2
CONT_s4_l2a_Valkaama,1789834833.018,0.1032,2119877,1722,0,99890.5,0,2
CONT_s4_l2a_Valkaama,1789834833.121,0.103,0,0,0,0,0,0
CONT_s4_l2a_Valkaama,1789834833.224,0.1029,0,0,0,0,0,0
CONT_s4_l2a_Valkaama,1789834833.327,0.1031,0,0,0,0,0,0
CONT_s4_l2a_Valkaama,1789834833.43,0.1032,0,0,0,0,0,0
CONT_s4_l2a_Valkaama,1789834833.533,0.1031,141,1,0,4051890.0,0,1
CONT_s4_l2a_Valkaama,1789834833.636,0.103,0,0,0,0,0,0
CONT_s4_l2a_Valkaama,1789834833.739,0.103,0,0,0,0,0,0
CONT_s4_l2a_Valkaama,1789834833.843,0.1034,0,0,0,0,0,0
CONT_s4_l2a_Valkaama,1789834833.947,0.1049,0,0,0,0,0,0
CONT_s4_l2a_Valkaama,1789834834.051,0.1032,0,0,0,0,0,0
CONT_s4_l2a_Valkaama,1789834834.154,0.1029,0,0,0,0,0,0
CONT_s4_l2a_Valkaama,1789834834.257,0.103,0,0,0,0,0,0
CONT_s4_l2a_Valkaama,1789834834.36,0.1031,0,0,0,0,0,0
CONT_s4_l2a_Valkaama,1789834834.463,0.1031,0,0,0,0,0,0
CONT_s4_l2a_Valkaama,1789834834.566,0.103,765720,618,0,604982.6,0,2
CONT_s4_l2a_Valkaama,1789834834.669,0.103,62,1,0,5567002.0,0,1
CONT_s4_l2a_Valkaama,1789834834.772,0.103,0,0,0,0,0,0
CONT_s4_l2a_Valkaama,1789834834.875,0.1031,0,0,0,0,0,0
CONT_s4_l2a_Valkaama,1789834834.978,0.1031,0,0,0,0,0,0
CONT_s4_l2a_Valkaama,1789834835.081,0.1031,0,0,0,0,0,0
CONT_s4_l2a_Valkaama,1789834835.184,0.1029,0,0,0,0,0,0
CONT_s4_l2a_Valkaama,1789834835.287,0.103,0,0,0,0,0,0
CONT_s4_l2a_Valkaama,1789834835.39,0.1032,0,0,0,0,0,0
CONT_s4_l2a_Valkaama,1789834835.493,0.1031,0,0,0,0,0,0
CONT_s4_l2a_Valkaama,1789834835.596,0.103,141,1,0,3829018.0,0,1
CONT_s4_l2a_Valkaama,1789834835.699,0.103,0,0,0,0,0,0
CONT_s4_l2a_Valkaama,1789834835.802,0.103,0,0,0,0,0,0
CONT_s4_l2a_Valkaama,1789834835.906,0.1032,0,0,0,0,0,0
CONT_s4_l2a_Valkaama,1789834836.009,0.1031,0,0,0,0,0,0
CONT_s4_l2a_Valkaama,1789834836.112,0.103,0,0,0,0,0,0
CONT_s4_l2a_Valkaama,1789834836.215,0.103,0,0,0,0,0,0
CONT_s4_l2a_Valkaama,1789834836.318,0.1031,0,0,0,0,0,0
CONT_s4_l2a_Valkaama,1789834836.421,0.1034,0,0,0,0,0,0
CONT_s4_l2a_Valkaama,1789834836.524,0.1031,0,0,0,0,0,0
CONT_s4_l2a_Valkaama,1789834836.627,0.1029,0,0,0,0,0,0
CONT_s4_l2a_Valkaama,1789834836.73,0.103,0,0,0,0,0,0
CONT_s4_l2a_Valkaama,1789834836.834,0.104,0,0,0,0,0,0
CONT_s4_l2a_Valkaama,1789834836.937,0.103,0,0,0,0,0,0
CONT_s4_l2a_Valkaama,1789834837.04,0.1031,0,0,0,0,0,0
CONT_s4_l2a_Valkaama,1789834837.143,0.1029,0,0,0,0,0,0
CONT_s4_l2a_Valkaama,1789834837.246,0.1029,0,0,0,0,0,0
CONT_s4_l2a_Valkaama,1789834837.349,0.1033,0,0,0,0,0,0
CONT_s4_l2a_Valkaama,1789834837.454,0.1043,0,0,0,0,0,0
CONT_s4_l2a_Valkaama,1789834837.557,0.103,141,1,0,4138754.0,0,1
CONT_s4_l2a_Valkaama,1789834837.66,0.103,0,0,0,0,0,0
CONT_s4_l2a_Valkaama,1789834837.763,0.1029,0,0,0,0,0,0
CONT_s4_l2a_Valkaama,1789834837.866,0.1031,0,0,0,0,0,0
CONT_s4_l2a_Valkaama,1789834837.969,0.1031,0,0,0,0,0,0
CONT_s4_l2a_Valkaama,1789834838.072,0.1031,0,0,0,0,0,0
CONT_s4_l2a_Valkaama,1789834838.175,0.1029,639796,515,0,2042619.6,0,2
CONT_s4_l2a_Valkaama,1789834838.278,0.1036,2182448,1765,0,91086.1,0,2
CONT_s4_l2a_Valkaama,1789834838.381,0.1031,0,0,0,0,0,0
CONT_s4_l2a_Valkaama,1789834838.485,0.1031,0,0,0,0,0,0
CONT_s4_l2a_Valkaama,1789834838.588,0.103,0,0,0,0,0,0
CONT_s4_l2a_Valkaama,1789834838.69,0.103,0,0,0,0,0,0
CONT_s4_l2a_Valkaama,1789834838.793,0.103,0,0,0,0,0,0
CONT_s4_l2a_Valkaama,1789834838.897,0.1032,0,0,0,0,0,0
CONT_s4_l2a_Valkaama,1789834839.0,0.1031,0,0,0,0,0,0
CONT_s4_l2a_Valkaama,1789834839.103,0.1032,0,0,0,0,0,0
CONT_s4_l2a_Valkaama,1789834839.206,0.1029,0,0,0,0,0,0
CONT_s4_l2a_Valkaama,1789834839.309,0.1032,0,0,0,0,0,0
CONT_s4_l2a_Valkaama,1789834839.412,0.1032,0,0,0,0,0,0
CONT_s4_l2a_Valkaama,1789834839.515,0.1031,0,0,0,0,0,0
CONT_s4_l2a_Valkaama,1789834839.618,0.103,141,1,0,3910500.0,0,1
CONT_s4_l2a_Valkaama,1789834839.721,0.103,0,0,0,0,0,0
CONT_s4_l2a_Valkaama,1789834839.824,0.103,0,0,0,0,0,0
CONT_s4_l2a_Valkaama,1789834839.928,0.1032,0,0,0,0,0,0
CONT_s4_l2a_Valkaama,1789834840.031,0.1031,0,0,0,0,0,0
CONT_s4_l2a_Valkaama,1789834840.134,0.103,0,0,0,0,0,0
CONT_s4_l2a_Valkaama,1789834840.237,0.103,0,0,0,0,0,0
CONT_s4_l2a_Valkaama,1789834840.34,0.1031,0,0,0,0,0,0
CONT_s4_l2a_Valkaama,1789834840.445,0.1046,0,0,0,0,0,0
CONT_s4_l2a_Valkaama,1789834840.548,0.1032,0,0,0,0,0,0
CONT_s4_l2a_Valkaama,1789834840.651,0.103,0,0,0,0,0,0
CONT_s4_l2a_Valkaama,1789834840.754,0.103,0,0,0,0,0,0
CONT_s4_l2a_Valkaama,1789834840.857,0.1032,0,0,0,0,0,0
CONT_s4_l2a_Valkaama,1789834840.96,0.1031,0,0,0,0,0,0
CONT_s4_l2a_Valkaama,1789834841.063,0.1029,0,0,0,0,0,0
CONT_s4_l2a_Valkaama,1789834841.166,0.1031,0,0,0,0,0,0
CONT_s4_l2a_Valkaama,1789834841.269,0.1032,0,0,0,0,0,0
CONT_s4_l2a_Valkaama,1789834841.373,0.1034,0,0,0,0,0,0
CONT_s4_l2a_Valkaama,1789834841.476,0.1032,0,0,0,0,0,0
CONT_s4_l2a_Valkaama,1789834841.579,0.1032,141,1,0,4194677.0,0,1
CONT_s4_l2a_Valkaama,1789834841.682,0.1031,0,0,0,0,0,0
CONT_s4_l2a_Valkaama,1789834841.785,0.1031,0,0,0,0,0,0
CONT_s4_l2a_Valkaama,1789834841.889,0.1032,0,0,0,0,0,0
CONT_s4_l2a_Valkaama,1789834841.992,0.1031,0,0,0,0,0,0
CONT_s4_l2a_Valkaama,1789834842.095,0.103,0,0,0,0,0,0
CONT_s4_l2a_Valkaama,1789834842.198,0.103,0,0,0,0,0,0
CONT_s4_l2a_Valkaama,1789834842.301,0.103,0,0,0,0,0,0
CONT_s4_l2a_Valkaama,1789834842.404,0.1032,971030,784,0,537558.6,0,2
CONT_s4_l2a_Valkaama,1789834842.507,0.1031,0,0,0,0,0,0
CONT_s4_l2a_Valkaama,1789834842.61,0.1029,0,0,0,0,0,0
CONT_s4_l2a_Valkaama,1789834842.713,0.103,0,0,0,0,0,0
CONT_s4_l2a_Valkaama,1789834842.816,0.1031,0,0,0,0,0,0
CONT_s4_l2a_Valkaama,1789834842.919,0.1032,0,0,0,0,0,0
CONT_s4_l2a_Valkaama,1789834843.023,0.1034,0,0,0,0,0,0
CONT_s4_l2a_Valkaama,1789834843.126,0.1029,0,0,0,0,0,0
CONT_s4_l2a_Valkaama,1789834843.23,0.1043,0,0,0,0,0,0
CONT_s4_l2a_Valkaama,1789834843.334,0.1037,0,0,0,0,0,0
CONT_s4_l2a_Valkaama,1789834843.437,0.1032,0,0,0,0,0,0
CONT_s4_l2a_Valkaama,1789834843.54,0.1031,0,0,0,0,0,0
CONT_s4_l2a_Valkaama,1789834843.643,0.103,141,1,0,4411974.0,0,1
CONT_s4_l2a_Valkaama,1789834843.746,0.1032,0,0,0,0,0,0
CONT_s4_l2a_Valkaama,1789834843.849,0.103,0,0,0,0,0,0
CONT_s4_l2a_Valkaama,1789834843.953,0.1039,0,0,0,0,0,0
CONT_s4_l2a_Valkaama,1789834844.056,0.103,0,0,0,0,0,0
CONT_s4_l2a_Valkaama,1789834844.159,0.103,0,0,0,0,0,0
CONT_s4_l2a_Valkaama,1789834844.262,0.1033,0,0,0,0,0,0
CONT_s4_l2a_Valkaama,1789834844.365,0.103,0,0,0,0,0,0
CONT_s4_l2a_Valkaama,1789834844.468,0.1031,0,0,0,0,0,0
CONT_s4_l2a_Valkaama,1789834844.571,0.103,0,0,0,0,0,0
CONT_s4_l2a_Valkaama,1789834844.674,0.103,0,0,0,0,0,0
CONT_s4_l2a_Valkaama,1789834844.777,0.103,0,0,0,0,0,0
CONT_s4_l2a_Valkaama,1789834844.881,0.1032,0,0,0,0,0,0
CONT_s4_l2a_Valkaama,1789834844.984,0.1031,0,0,0,0,0,0
CONT_s4_l2a_Valkaama,1789834845.087,0.1029,0,0,0,0,0,0
CONT_s4_l2a_Valkaama,1789834845.19,0.103,0,0,0,0,0,0
CONT_s4_l2a_Valkaama,1789834845.293,0.1031,0,0,0,0,0,0
CONT_s4_l2a_Valkaama,1789834845.396,0.103,0,0,0,0,0,0
CONT_s4_l2a_Valkaama,1789834845.499,0.1031,0,0,0,0,0,0
CONT_s4_l2a_Valkaama,1789834845.602,0.1029,141,1,0,4595023.0,0,1
CONT_s4_l2a_Valkaama,1789834845.705,0.103,0,0,0,0,0,0
CONT_s4_l2a_Valkaama,1789834845.808,0.103,0,0,0,0,0,0
CONT_s4_l2a_Valkaama,1789834845.911,0.1032,0,0,0,0,0,0
CONT_s4_l2a_Valkaama,1789834846.014,0.1031,0,0,0,0,0,0
CONT_s4_l2a_Valkaama,1789834846.117,0.1029,0,0,0,0,0,0
CONT_s4_l2a_Valkaama,1789834846.22,0.103,0,0,0,0,0,0
CONT_s4_l2a_Valkaama,1789834846.323,0.103,0,0,0,0,0,0
CONT_s4_l2a_Valkaama,1789834846.426,0.1032,0,0,0,0,0,0
CONT_s4_l2a_Valkaama,1789834846.529,0.1031,995088,804,0,642294.1,0,2
CONT_s4_l2a_Valkaama,1789834846.632,0.103,0,0,0,0,0,0
CONT_s4_l2a_Valkaama,1789834846.735,0.1029,0,0,0,0,0,0
CONT_s4_l2a_Valkaama,1789834846.838,0.1031,0,0,0,0,0,0
CONT_s4_l2a_Valkaama,1789834846.945,0.1068,0,0,0,0,0,0
CONT_s4_l2a_Valkaama,1789834847.048,0.1032,0,0,0,0,0,0
CONT_s4_l2a_Valkaama,1789834847.151,0.1029,0,0,0,0,0,0
CONT_s4_l2a_Valkaama,1789834847.254,0.103,0,0,0,0,0,0
CONT_s4_l2a_Valkaama,1789834847.357,0.1031,0,0,0,0,0,0
CONT_s4_l2a_Valkaama,1789834847.46,0.1031,0,0,0,0,0,0
CONT_s4_l2a_Valkaama,1789834847.563,0.1031,0,0,0,0,0,0
CONT_s4_l2a_Valkaama,1789834847.666,0.103,141,1,0,4775445.0,0,1
CONT_s4_l2a_Valkaama,1789834847.769,0.103,0,0,0,0,0,0
CONT_s4_l2a_Valkaama,1789834847.873,0.1032,0,0,0,0,0,0
CONT_s4_l2a_Valkaama,1789834847.976,0.1031,0,0,0,0,0,0
CONT_s4_l2a_Valkaama,1789834848.079,0.103,0,0,0,0,0,0
CONT_s4_l2a_Valkaama,1789834848.182,0.1029,0,0,0,0,0,0
CONT_s4_l2a_Valkaama,1789834848.285,0.103,0,0,0,0,0,0
CONT_s4_l2a_Valkaama,1789834848.388,0.103,0,0,0,0,0,0
CONT_s4_l2a_Valkaama,1789834848.491,0.1031,0,0,0,0,0,0
CONT_s4_l2a_Valkaama,1789834848.594,0.103,0,0,0,0,0,0
CONT_s4_l2a_Valkaama,1789834848.697,0.1032,0,0,0,0,0,0
CONT_s4_l2a_Valkaama,1789834848.8,0.1032,0,0,0,0,0,0
CONT_s4_l2a_Valkaama,1789834848.903,0.1032,0,0,0,0,0,0
CONT_s4_l2a_Valkaama,1789834849.006,0.1031,0,0,0,0,0,0
CONT_s4_l2a_Valkaama,1789834849.109,0.1029,0,0,0,0,0,0
CONT_s4_l2a_Valkaama,1789834849.212,0.103,0,0,0,0,0,0
CONT_s4_l2a_Valkaama,1789834849.315,0.103,0,0,0,0,0,0
CONT_s4_l2a_Valkaama,1789834849.418,0.1032,0,0,0,0,0,0
CONT_s4_l2a_Valkaama,1789834849.521,0.1031,0,0,0,0,0,0
CONT_s4_l2a_Valkaama,1789834849.626,0.104,141,1,0,4740781.0,0,1
CONT_s4_l2a_Valkaama,1789834849.729,0.1035,0,0,0,0,0,0
CONT_s4_l2a_Valkaama,1789834849.834,0.1047,0,0,0,0,0,0
CONT_s4_l2a_Valkaama,1789834849.937,0.1031,0,0,0,0,0,0
CONT_s4_l2a_Valkaama,1789834850.04,0.1031,0,0,0,0,0,0
CONT_s4_l2a_Valkaama,1789834850.143,0.103,985527,795,0,596891.1,0,2
CONT_s4_l2a_Valkaama,1789834850.246,0.1031,62,1,0,4733732.0,0,1
CONT_s4_l2a_Valkaama,1789834850.349,0.1031,0,0,0,0,0,0
CONT_s4_l2a_Valkaama,1789834850.453,0.1038,0,0,0,0,0,0
CONT_s4_l2a_Valkaama,1789834850.556,0.1031,0,0,0,0,0,0
CONT_s4_l2a_Valkaama,1789834850.659,0.103,0,0,0,0,0,0
CONT_s4_l2a_Valkaama,1789834850.762,0.103,0,0,0,0,0,0
CONT_s4_l2a_Valkaama,1789834850.865,0.1032,0,0,0,0,0,0
CONT_s4_l2a_Valkaama,1789834850.968,0.1031,0,0,0,0,0,0
CONT_s4_l2a_Valkaama,1789834851.071,0.1031,0,0,0,0,0,0
CONT_s4_l2a_Valkaama,1789834851.174,0.103,0,0,0,0,0,0
CONT_s4_l2a_Valkaama,1789834851.277,0.103,0,0,0,0,0,0
CONT_s4_l2a_Valkaama,1789834851.381,0.1032,0,0,0,0,0,0
CONT_s4_l2a_Valkaama,1789834851.484,0.1031,0,0,0,0,0,0
CONT_s4_l2a_Valkaama,1789834851.587,0.1031,0,0,0,0,0,0
CONT_s4_l2a_Valkaama,1789834851.69,0.103,141,1,0,4802234.0,0,1
CONT_s4_l2a_Valkaama,1789834851.793,0.103,0,0,0,0,0,0
CONT_s4_l2a_Valkaama,1789834851.896,0.1032,0,0,0,0,0,0
CONT_s4_l2a_Valkaama,1789834851.999,0.1031,0,0,0,0,0,0
CONT_s4_l2a_Valkaama,1789834852.102,0.103,0,0,0,0,0,0
CONT_s4_l2a_Valkaama,1789834852.205,0.103,0,0,0,0,0,0
CONT_s4_l2a_Valkaama,1789834852.308,0.103,0,0,0,0,0,0
CONT_s4_l2a_Valkaama,1789834852.411,0.1032,0,0,0,0,0,0
CONT_s4_l2a_Valkaama,1789834852.515,0.1032,0,0,0,0,0,0
CONT_s4_l2a_Valkaama,1789834852.618,0.103,0,0,0,0,0,0
CONT_s4_l2a_Valkaama,1789834852.721,0.103,0,0,0,0,0,0
CONT_s4_l2a_Valkaama,1789834852.824,0.1031,0,0,0,0,0,0
CONT_s4_l2a_Valkaama,1789834852.927,0.1032,0,0,0,0,0,0
CONT_s4_l2a_Valkaama,1789834853.03,0.1031,0,0,0,0,0,0
CONT_s4_l2a_Valkaama,1789834853.133,0.103,0,0,0,0,0,0
CONT_s4_l2a_Valkaama,1789834853.236,0.103,0,0,0,0,0,0
CONT_s4_l2a_Valkaama,1789834853.34,0.1036,0,0,0,0,0,0
CONT_s4_l2a_Valkaama,1789834853.447,0.1073,0,0,0,0,0,0
CONT_s4_l2a_Valkaama,1789834853.55,0.1032,0,0,0,0,0,0
CONT_s4_l2a_Valkaama,1789834853.653,0.1029,141,1,0,5125755.0,0,1
CONT_s4_l2a_Valkaama,1789834853.756,0.103,0,0,0,0,0,0
CONT_s4_l2a_Valkaama,1789834853.859,0.1031,0,0,0,0,0,0
CONT_s4_l2a_Valkaama,1789834853.962,0.1031,0,0,0,0,0,0
CONT_s4_l2a_Valkaama,1789834854.065,0.1031,0,0,0,0,0,0
CONT_s4_l2a_Valkaama,1789834854.168,0.103,0,0,0,0,0,0
CONT_s4_l2a_Valkaama,1789834854.271,0.1029,823048,659,0,1194289.3,0,2
CONT_s4_l2a_Valkaama,1789834854.374,0.1032,192678,161,0,785115.3,0,2
CONT_s4_l2a_Valkaama,1789834854.478,0.1032,0,0,0,0,0,0
CONT_s4_l2a_Valkaama,1789834854.581,0.1031,0,0,0,0,0,0
CONT_s4_l2a_Valkaama,1789834854.684,0.1031,0,0,0,0,0,0
CONT_s4_l2a_Valkaama,1789834854.787,0.1032,0,0,0,0,0,0
CONT_s4_l2a_Valkaama,1789834854.89,0.103,0,0,0,0,0,0
CONT_s4_l2a_Valkaama,1789834854.993,0.1031,0,0,0,0,0,0
CONT_s4_l2a_Valkaama,1789834855.096,0.1031,0,0,0,0,0,0
CONT_s4_l2a_Valkaama,1789834855.199,0.1031,0,0,0,0,0,0
CONT_s4_l2a_Valkaama,1789834855.302,0.1031,0,0,0,0,0,0
CONT_s4_l2a_Valkaama,1789834855.405,0.1032,0,0,0,0,0,0
CONT_s4_l2a_Valkaama,1789834855.509,0.1031,0,0,0,0,0,0
CONT_s4_l2a_Valkaama,1789834855.612,0.1031,0,0,0,0,0,0
CONT_s4_l2a_Valkaama,1789834855.715,0.103,141,1,0,5440859.0,0,1
CONT_s4_l2a_Valkaama,1789834855.818,0.103,0,0,0,0,0,0
CONT_s4_l2a_Valkaama,1789834855.921,0.1032,0,0,0,0,0,0
CONT_s4_l2a_Valkaama,1789834856.024,0.1031,0,0,0,0,0,0
CONT_s4_l2a_Valkaama,1789834856.127,0.1031,0,0,0,0,0,0
CONT_s4_l2a_Valkaama,1789834856.23,0.103,0,0,0,0,0,0
CONT_s4_l2a_Valkaama,1789834856.334,0.1035,0,0,0,0,0,0
CONT_s4_l2a_Valkaama,1789834856.437,0.1031,793,5,0,6736.8,0,2
CONT_s4_l2a_Valkaama,1789834856.54,0.1033,374112,300,0,559174.9,0,2
CONT_s4_l2a_Valkaama,1789834856.643,0.1032,52,1,0,6209117.0,0,1
CONT_s4_l2a_Valkaama,1789834856.747,0.1032,0,0,0,0,0,0
CONT_s4_l2a_Valkaama,1789834856.85,0.1034,104,2,0,15282724.5,0,2
CONT_s4_l2a_Valkaama,1789834856.954,0.1038,0,0,0,0,0,0
CONT_s4_l2a_Valkaama,1789834857.057,0.1032,0,0,0,0,0,0
CONT_s4_l2a_Valkaama,1789834857.16,0.1032,0,0,0,0,0,0
CONT_s4_l2a_Valkaama,1789834857.263,0.1032,136472,106,0,3613039.2,0,2
CONT_s4_l2a_Valkaama,1789834857.367,0.1033,0,0,0,0,0,0
CONT_s4_l2a_Valkaama,1789834857.47,0.1032,0,0,0,0,0,0
CONT_s4_l2a_Valkaama,1789834857.573,0.1033,104,2,0,24742182.5,0,2
CONT_s4_l2a_Valkaama,1789834857.676,0.1032,141,1,0,5653744.0,0,1
CONT_s4_l2a_Valkaama,1789834857.78,0.1032,0,0,0,0,0,0
CONT_s4_l2a_Valkaama,1789834857.883,0.1034,0,0,0,0,0,0
CONT_s4_l2a_Valkaama,1789834857.986,0.1033,136480,106,0,4305729.8,0,2
CONT_s4_l2a_Valkaama,1789834858.089,0.1032,0,0,0,0,0,0
CONT_s4_l2a_Valkaama,1789834858.193,0.1032,104,2,0,27000890.0,0,2
CONT_s4_l2a_Valkaama,1789834858.296,0.1032,0,0,0,0,0,0
CONT_s4_l2a_Valkaama,1789834858.399,0.1034,927686,748,0,614468.1,0,2
CONT_s4_l2a_Valkaama,1789834858.502,0.1033,2843351,2297,0,56507.3,0,2
CONT_s4_l2a_Valkaama,1789834858.606,0.1032,41824,44,0,1859370.1,0,4
CONT_s4_l2a_Valkaama,1789834858.709,0.1031,136376,104,0,4394890.5,0,2
CONT_s4_l2a_Valkaama,1789834858.812,0.1033,0,0,0,0,0,0
CONT_s4_l2a_Valkaama,1789834858.915,0.1034,104,2,0,28188677.0,0,2
CONT_s4_l2a_Valkaama,1789834859.019,0.1033,0,0,0,0,0,0
CONT_s4_l2a_Valkaama,1789834859.122,0.1031,0,0,0,0,0,0
CONT_s4_l2a_Valkaama,1789834859.225,0.1032,0,0,0,0,0,0
CONT_s4_l2a_Valkaama,1789834859.331,0.1057,136480,106,0,4790476.1,0,2
CONT_s4_l2a_Valkaama,1789834859.434,0.1036,0,0,0,0,0,0
CONT_s4_l2a_Valkaama,1789834859.538,0.1032,104,2,0,28566520.5,0,2
CONT_s4_l2a_Valkaama,1789834859.641,0.1031,141,1,0,5332989.0,0,1
CONT_s4_l2a_Valkaama,1789834859.744,0.1033,0,0,0,0,0,0
CONT_s4_l2a_Valkaama,1789834859.847,0.1033,0,0,0,0,0,0
CONT_s4_l2a_Valkaama,1789834859.951,0.1037,0,0,0,0,0,0
CONT_s4_l2a_Valkaama,1789834860.054,0.1034,136480,106,0,4906402.5,0,2
CONT_s4_l2a_Valkaama,1789834860.158,0.1033,0,0,0,0,0,0
CONT_s4_l2a_Valkaama,1789834860.261,0.1033,104,2,0,29014885.0,0,2
CONT_s4_l2a_Valkaama,1789834860.364,0.1033,0,0,0,0,0,0
CONT_s4_l2a_Valkaama,1789834860.467,0.1033,0,0,0,0,0,0
CONT_s4_l2a_Valkaama,1789834860.571,0.1033,0,0,0,0,0,0
CONT_s4_l2a_Valkaama,1789834860.674,0.1032,104,2,0,40938310.0,0,2
CONT_s4_l2a_Valkaama,1789834860.777,0.1032,136376,104,0,4724087.0,0,2
CONT_s4_l2a_Valkaama,1789834860.881,0.1034,0,0,0,0,0,0
CONT_s4_l2a_Valkaama,1789834860.984,0.1034,104,2,0,29456036.0,0,2
CONT_s4_l2a_Valkaama,1789834861.087,0.1032,0,0,0,0,0,0
CONT_s4_l2a_Valkaama,1789834861.19,0.1032,0,0,0,0,0,0
CONT_s4_l2a_Valkaama,1789834861.294,0.1032,0,0,0,0,0,0
CONT_s4_l2a_Valkaama,1789834861.397,0.1034,104,2,0,41178816.0,0,2
CONT_s4_l2a_Valkaama,1789834861.5,0.1033,136376,104,0,4743653.9,0,2
CONT_s4_l2a_Valkaama,1789834861.603,0.1032,0,0,0,0,0,0
CONT_s4_l2a_Valkaama,1789834861.707,0.1032,245,3,0,21338686.3,0,3
CONT_s4_l2a_Valkaama,1789834861.81,0.1033,0,0,0,0,0,0
CONT_s4_l2a_Valkaama,1789834861.913,0.1034,0,0,0,0,0,0
CONT_s4_l2a_Valkaama,1789834862.017,0.1033,0,0,0,0,0,0
CONT_s4_l2a_Valkaama,1789834862.12,0.1032,1415793,1132,0,627461.7,0,4
CONT_s4_l2a_Valkaama,1789834862.223,0.1033,646,11,0,3714713.3,0,3
CONT_s4_l2a_Valkaama,1789834862.327,0.1033,0,0,0,0,0,0
CONT_s4_l2a_Valkaama,1789834862.43,0.1034,104,2,0,24349114.0,0,2
CONT_s4_l2a_Valkaama,1789834862.533,0.1033,0,0,0,0,0,0
CONT_s4_l2a_Valkaama,1789834862.636,0.1032,0,0,0,0,0,0
CONT_s4_l2a_Valkaama,1789834862.74,0.1032,104,2,0,34795616.5,0,2
CONT_s4_l2a_Valkaama,1789834862.843,0.1035,136376,104,0,4046258.1,0,2
CONT_s4_l2a_Valkaama,1789834862.948,0.1049,0,0,0,0,0,0
CONT_s4_l2a_Valkaama,1789834863.051,0.1032,104,2,0,26756719.5,0,2
CONT_s4_l2a_Valkaama,1789834863.154,0.1032,0,0,0,0,0,0
CONT_s4_l2a_Valkaama,1789834863.258,0.1033,0,0,0,0,0,0
CONT_s4_l2a_Valkaama,1789834863.361,0.1034,0,0,0,0,0,0
CONT_s4_l2a_Valkaama,1789834863.464,0.1033,104,2,0,37657335.5,0,2
CONT_s4_l2a_Valkaama,1789834863.568,0.1033,136376,104,0,4355044.2,0,2
CONT_s4_l2a_Valkaama,1789834863.671,0.1036,141,1,0,5092666.0,0,1
CONT_s4_l2a_Valkaama,1789834863.775,0.1034,104,2,0,27954849.0,0,2
CONT_s4_l2a_Valkaama,1789834863.878,0.1033,0,0,0,0,0,0
CONT_s4_l2a_Valkaama,1789834863.981,0.1033,0,0,0,0,0,0
CONT_s4_l2a_Valkaama,1789834864.085,0.1032,0,0,0,0,0,0
CONT_s4_l2a_Valkaama,1789834864.188,0.1032,104,2,0,39666557.0,0,2
CONT_s4_l2a_Valkaama,1789834864.291,0.1032,136376,104,0,4583585.1,0,2
CONT_s4_l2a_Valkaama,1789834864.394,0.1033,0,0,0,0,0,0
CONT_s4_l2a_Valkaama,1789834864.498,0.1033,104,2,0,28747880.0,0,2
CONT_s4_l2a_Valkaama,1789834864.601,0.1032,0,0,0,0,0,0
CONT_s4_l2a_Valkaama,1789834864.704,0.1032,0,0,0,0,0,0
CONT_s4_l2a_Valkaama,1789834864.807,0.1032,0,0,0,0,0,0
CONT_s4_l2a_Valkaama,1789834864.911,0.1034,136480,106,0,4949300.1,0,2
CONT_s4_l2a_Valkaama,1789834865.014,0.1033,0,0,0,0,0,0
CONT_s4_l2a_Valkaama,1789834865.117,0.1032,104,2,0,29255501.0,0,2
CONT_s4_l2a_Valkaama,1789834865.22,0.1032,0,0,0,0,0,0
CONT_s4_l2a_Valkaama,1789834865.324,0.1033,0,0,0,0,0,0
CONT_s4_l2a_Valkaama,1789834865.427,0.1033,0,0,0,0,0,0
CONT_s4_l2a_Valkaama,1789834865.53,0.1034,238481,204,0,1236167.2,0,3
CONT_s4_l2a_Valkaama,1789834865.634,0.1034,0,0,0,0,0,0
CONT_s4_l2a_Valkaama,1789834865.737,0.1035,245,3,0,11369040.3,0,3
CONT_s4_l2a_Valkaama,1789834865.841,0.1036,68148,53,0,3673685.5,0,2
CONT_s4_l2a_Valkaama,1789834865.946,0.1055,0,0,0,0,0,0
CONT_s4_l2a_Valkaama,1789834866.05,0.1035,104,2,0,21611517.0,0,2
CONT_s4_l2a_Valkaama,1789834866.153,0.1034,0,0,0,0,0,0
CONT_s4_l2a_Valkaama,1789834866.257,0.1034,1304189,1050,0,520444.9,0,4
CONT_s4_l2a_Valkaama,1789834866.36,0.1035,62,1,0,2038468.0,0,1
CONT_s4_l2a_Valkaama,1789834866.464,0.1035,104,2,0,25954769.0,0,2
CONT_s4_l2a_Valkaama,1789834866.567,0.1034,0,0,0,0,0,0
CONT_s4_l2a_Valkaama,1789834866.67,0.1033,68148,53,0,5594389.0,0,2
CONT_s4_l2a_Valkaama,1789834866.774,0.1033,0,0,0,0,0,0
CONT_s4_l2a_Valkaama,1789834866.877,0.1035,104,2,0,28150496.5,0,2
CONT_s4_l2a_Valkaama,1789834866.981,0.1035,68148,53,0,5959622.6,0,2
CONT_s4_l2a_Valkaama,1789834867.084,0.1034,0,0,0,0,0,0
CONT_s4_l2a_Valkaama,1789834867.187,0.1033,104,2,0,29551417.0,0,2
CONT_s4_l2a_Valkaama,1789834867.291,0.1033,68148,53,0,6198917.9,0,2
CONT_s4_l2a_Valkaama,1789834867.394,0.1035,0,0,0,0,0,0
CONT_s4_l2a_Valkaama,1789834867.498,0.1035,104,2,0,30453265.0,0,2
CONT_s4_l2a_Valkaama,1789834867.601,0.1033,0,0,0,0,0,0
CONT_s4_l2a_Valkaama,1789834867.704,0.1033,68289,54,0,6351983.6,0,3
CONT_s4_l2a_Valkaama,1789834867.808,0.1033,0,0,0,0,0,0
CONT_s4_l2a_Valkaama,1789834867.911,0.1035,104,2,0,30943391.5,0,2
CONT_s4_l2a_Valkaama,1789834868.014,0.1035,68148,53,0,6436451.0,0,2
CONT_s4_l2a_Valkaama,1789834868.118,0.1033,0,0,0,0,0,0
CONT_s4_l2a_Valkaama,1789834868.221,0.1033,104,2,0,31203436.5,0,2
CONT_s4_l2a_Valkaama,1789834868.324,0.1033,0,0,0,0,0,0
CONT_s4_l2a_Valkaama,1789834868.428,0.1036,68148,53,0,6484324.1,0,2
CONT_s4_l2a_Valkaama,1789834868.532,0.1035,0,0,0,0,0,0
CONT_s4_l2a_Valkaama,1789834868.635,0.1033,104,2,0,31471388.5,0,2
CONT_s4_l2a_Valkaama,1789834868.738,0.1033,68148,53,0,6532155.7,0,2
CONT_s4_l2a_Valkaama,1789834868.842,0.1034,0,0,0,0,0,0
CONT_s4_l2a_Valkaama,1789834868.946,0.1046,104,2,0,31659192.0,0,2
CONT_s4_l2a_Valkaama,1789834869.05,0.1035,68148,53,0,6575845.4,0,2
CONT_s4_l2a_Valkaama,1789834869.153,0.1033,0,0,0,0,0,0
CONT_s4_l2a_Valkaama,1789834869.256,0.1033,104,2,0,31598348.0,0,2
CONT_s4_l2a_Valkaama,1789834869.36,0.1034,0,0,0,0,0,0
CONT_s4_l2a_Valkaama,1789834869.463,0.1035,68148,53,0,6545713.7,0,2
CONT_s4_l2a_Valkaama,1789834869.567,0.1034,0,0,0,0,0,0
CONT_s4_l2a_Valkaama,1789834869.67,0.1033,104,2,0,31714799.5,0,2
CONT_s4_l2a_Valkaama,1789834869.773,0.1033,68289,54,0,6557671.4,0,3
CONT_s4_l2a_Valkaama,1789834869.877,0.1036,0,0,0,0,0,0
CONT_s4_l2a_Valkaama,1789834869.98,0.1035,104,2,0,31842527.0,0,2
CONT_s4_l2a_Valkaama,1789834870.084,0.1034,68148,53,0,6594692.5,0,2
CONT_s4_l2a_Valkaama,1789834870.187,0.1033,0,0,0,0,0,0
CONT_s4_l2a_Valkaama,1789834870.29,0.1033,104,2,0,31706185.5,0,2
CONT_s4_l2a_Valkaama,1789834870.394,0.1035,823244,662,0,1137144.0,0,2
CONT_s4_l2a_Valkaama,1789834870.497,0.1035,622435,505,0,907636.0,0,4
CONT_s4_l2a_Valkaama,1789834870.601,0.1033,0,0,0,0,0,0
CONT_s4_l2a_Valkaama,1789834870.704,0.1034,104,2,0,31702355.5,0,2
CONT_s4_l2a_Valkaama,1789834870.808,0.1035,68060,53,0,6561320.3,0,2
CONT_s4_l2a_Valkaama,1789834870.911,0.1036,0,0,0,0,0,0
CONT_s4_l2a_Valkaama,1789834871.015,0.1035,104,2,0,31655165.0,0,2
CONT_s4_l2a_Valkaama,1789834871.118,0.1034,0,0,0,0,0,0
CONT_s4_l2a_Valkaama,1789834871.221,0.1034,68200,54,0,6811022.7,0,2
CONT_s4_l2a_Valkaama,1789834871.325,0.1034,0,0,0,0,0,0
CONT_s4_l2a_Valkaama,1789834871.428,0.1036,104,2,0,30609842.0,0,2
CONT_s4_l2a_Valkaama,1789834871.532,0.1035,68060,53,0,6387157.1,0,2
CONT_s4_l2a_Valkaama,1789834871.635,0.1034,0,0,0,0,0,0
CONT_s4_l2a_Valkaama,1789834871.739,0.1034,245,3,0,22436669.0,0,3
CONT_s4_l2a_Valkaama,1789834871.842,0.1036,68060,53,0,6476445.8,0,2
CONT_s4_l2a_Valkaama,1789834871.947,0.1051,0,0,0,0,0,0
CONT_s4_l2a_Valkaama,1789834872.051,0.1036,104,2,0,31257401.5,0,2
CONT_s4_l2a_Valkaama,1789834872.154,0.1034,0,0,0,0,0,0
CONT_s4_l2a_Valkaama,1789834872.258,0.1034,68060,53,0,6491904.3,0,2
CONT_s4_l2a_Valkaama,1789834872.361,0.1036,0,0,0,0,0,0
CONT_s4_l2a_Valkaama,1789834872.465,0.1035,104,2,0,31508448.5,0,2
CONT_s4_l2a_Valkaama,1789834872.568,0.1035,226219,195,0,424109.9,0,3
CONT_s4_l2a_Valkaama,1789834872.672,0.1037,149050,116,0,412294.8,0,2
CONT_s4_l2a_Valkaama,1789834872.776,0.1036,0,0,0,0,0,0
CONT_s4_l2a_Valkaama,1789834872.879,0.1036,104,2,0,13364917.0,0,2
CONT_s4_l2a_Valkaama,1789834872.983,0.1036,0,0,0,0,0,0
CONT_s4_l2a_Valkaama,1789834873.086,0.1036,0,0,0,0,0,0
CONT_s4_l2a_Valkaama,1789834873.19,0.1035,0,0,0,0,0,0
CONT_s4_l2a_Valkaama,1789834873.293,0.1036,104,2,0,24835688.5,0,2
CONT_s4_l2a_Valkaama,1789834873.397,0.1037,135676,103,0,3013278.4,0,2
CONT_s4_l2a_Valkaama,1789834873.501,0.1036,0,0,0,0,0,0
CONT_s4_l2a_Valkaama,1789834873.604,0.1036,616,2,0,24382201.5,0,2
CONT_s4_l2a_Valkaama,1789834873.708,0.1036,0,0,0,0,0,0
CONT_s4_l2a_Valkaama,1789834873.811,0.1035,245,3,0,18947262.3,0,3
CONT_s4_l2a_Valkaama,1789834873.915,0.1037,0,0,0,0,0,0
CONT_s4_l2a_Valkaama,1789834874.019,0.1039,205522,161,0,19405830.6,0,4
CONT_s4_l2a_Valkaama,1789834874.123,0.1036,961852,777,0,429623.3,0,2
CONT_s4_l2a_Valkaama,1789834874.226,0.1036,104,2,0,22314554.0,0,2
CONT_s4_l2a_Valkaama,1789834874.332,0.1054,0,0,0,0,0,0
CONT_s4_l2a_Valkaama,1789834874.436,0.1041,0,0,0,0,0,0
CONT_s4_l2a_Valkaama,1789834874.54,0.1036,0,0,0,0,0,0
CONT_s4_l2a_Valkaama,1789834874.643,0.1035,0,0,0,0,0,0
CONT_s4_l2a_Valkaama,1789834874.747,0.1036,135388,105,0,4188677.7,0,2
CONT_s4_l2a_Valkaama,1789834874.85,0.1036,0,0,0,0,0,0
CONT_s4_l2a_Valkaama,1789834874.954,0.1042,1076,1,0,12341835.0,0,1
CONT_s4_l2a_Valkaama,1789834875.058,0.1035,52,1,0,43602637.0,0,1
CONT_s4_l2a_Valkaama,1789834875.161,0.1036,0,0,0,0,0,0
CONT_s4_l2a_Valkaama,1789834875.265,0.1035,104,2,0,29330407.5,0,2
CONT_s4_l2a_Valkaama,1789834875.369,0.1036,0,0,0,0,0,0
CONT_s4_l2a_Valkaama,1789834875.472,0.1036,136340,105,0,3767612.4,0,2
CONT_s4_l2a_Valkaama,1789834875.576,0.1036,0,0,0,0,0,0
CONT_s4_l2a_Valkaama,1789834875.679,0.1036,104,2,0,25332665.0,0,2
CONT_s4_l2a_Valkaama,1789834875.783,0.1036,141,1,0,4714419.0,0,1
CONT_s4_l2a_Valkaama,1789834875.887,0.1036,0,0,0,0,0,0
CONT_s4_l2a_Valkaama,1789834875.99,0.1036,0,0,0,0,0,0
CONT_s4_l2a_Valkaama,1789834876.094,0.1035,0,0,0,0,0,0
CONT_s4_l2a_Valkaama,1789834876.197,0.1035,135540,103,0,4407377.3,0,2
CONT_s4_l2a_Valkaama,1789834876.301,0.1037,0,0,0,0,0,0
CONT_s4_l2a_Valkaama,1789834876.405,0.1037,872,2,0,29073678.5,0,2
CONT_s4_l2a_Valkaama,1789834876.508,0.1036,0,0,0,0,0,0
CONT_s4_l2a_Valkaama,1789834876.612,0.1034,104,2,0,29628834.0,0,2
CONT_s4_l2a_Valkaama,1789834876.715,0.1036,0,0,0,0,0,0
CONT_s4_l2a_Valkaama,1789834876.819,0.1036,94864,70,0,4625966.7,0,2
CONT_s4_l2a_Valkaama,1789834876.923,0.1038,41476,35,0,5846274.4,0,2
CONT_s4_l2a_Valkaama,1789834877.026,0.1036,0,0,0,0,0,0
CONT_s4_l2a_Valkaama,1789834877.13,0.1035,104,2,0,25769077.0,0,2
CONT_s4_l2a_Valkaama,1789834877.234,0.1038,0,0,0,0,0,0
CONT_s4_l2a_Valkaama,1789834877.338,0.1041,0,0,0,0,0,0
CONT_s4_l2a_Valkaama,1789834877.443,0.1051,0,0,0,0,0,0
CONT_s4_l2a_Valkaama,1789834877.546,0.1036,136524,107,0,4275477.8,0,2
CONT_s4_l2a_Valkaama,1789834877.65,0.1034,0,0,0,0,0,0
CONT_s4_l2a_Valkaama,1789834877.753,0.1035,245,3,0,19679824.7,0,3
CONT_s4_l2a_Valkaama,1789834877.857,0.1036,0,0,0,0,0,0
CONT_s4_l2a_Valkaama,1789834877.961,0.1036,0,0,0,0,0,0
CONT_s4_l2a_Valkaama,1789834878.064,0.1036,0,0,0,0,0,0
CONT_s4_l2a_Valkaama,1789834878.168,0.1035,171954,139,0,21485398.2,0,4
CONT_s4_l2a_Valkaama,1789834878.271,0.1036,1217078,979,0,785260.6,0,4
CONT_s4_l2a_Valkaama,1789834878.375,0.1036,0,0,0,0,0,0
CONT_s4_l2a_Valkaama,1789834878.479,0.1036,1128,2,0,26945547.0,0,2
CONT_s4_l2a_Valkaama,1789834878.582,0.1035,0,0,0,0,0,0
CONT_s4_l2a_Valkaama,1789834878.686,0.1035,104,2,0,28427000.5,0,2
CONT_s4_l2a_Valkaama,1789834878.789,0.1035,0,0,0,0,0,0
CONT_s4_l2a_Valkaama,1789834878.893,0.1036,0,0,0,0,0,0
CONT_s4_l2a_Valkaama,1789834878.996,0.1036,136420,105,0,3571321.7,0,2
CONT_s4_l2a_Valkaama,1789834879.1,0.1035,0,0,0,0,0,0
CONT_s4_l2a_Valkaama,1789834879.203,0.1035,104,2,0,24547767.0,0,2
CONT_s4_l2a_Valkaama,1789834879.307,0.1035,0,0,0,0,0,0
CONT_s4_l2a_Valkaama,1789834879.411,0.1038,0,0,0,0,0,0
CONT_s4_l2a_Valkaama,1789834879.514,0.1036,0,0,0,0,0,0
CONT_s4_l2a_Valkaama,1789834879.618,0.1036,135780,105,0,4442393.0,0,2
CONT_s4_l2a_Valkaama,1789834879.721,0.1036,0,0,0,0,0,0
CONT_s4_l2a_Valkaama,1789834879.825,0.1036,705,2,0,8695899.5,0,2
CONT_s4_l2a_Valkaama,1789834879.929,0.1038,52,1,0,45225135.0,0,1
CONT_s4_l2a_Valkaama,1789834880.032,0.1036,0,0,0,0,0,0
CONT_s4_l2a_Valkaama,1789834880.136,0.1035,104,2,0,29954999.5,0,2
CONT_s4_l2a_Valkaama,1789834880.239,0.1035,0,0,0,0,0,0
CONT_s4_l2a_Valkaama,1789834880.343,0.1037,136288,104,0,3383403.5,0,2
CONT_s4_l2a_Valkaama,1789834880.453,0.1095,52,1,0,27197020.0,0,1
CONT_s4_l2a_Valkaama,1789834880.556,0.1037,0,0,0,0,0,0
CONT_s4_l2a_Valkaama,1789834880.66,0.1035,104,2,0,25093735.0,0,2
CONT_s4_l2a_Valkaama,1789834880.763,0.1035,0,0,0,0,0,0
CONT_s4_l2a_Valkaama,1789834880.867,0.1036,0,0,0,0,0,0
CONT_s4_l2a_Valkaama,1789834880.971,0.1036,0,0,0,0,0,0
CONT_s4_l2a_Valkaama,1789834881.074,0.1036,15104,12,0,36061786.0,0,2
CONT_s4_l2a_Valkaama,1789834881.178,0.1034,0,0,0,0,0,0
CONT_s4_l2a_Valkaama,1789834881.281,0.1035,0,0,0,0,0,0
CONT_s4_l2a_Valkaama,1789834881.385,0.1038,15040,11,0,43684953.0,0,2
CONT_s4_l2a_Valkaama,1789834881.488,0.1036,0,0,0,0,0,0
CONT_s4_l2a_Valkaama,1789834881.592,0.1036,0,0,0,0,0,0
CONT_s4_l2a_Valkaama,1789834881.696,0.1036,0,0,0,0,0,0
CONT_s4_l2a_Valkaama,1789834881.799,0.1037,141,1,0,5471670.0,0,1
CONT_s4_l2a_Valkaama,1789834881.903,0.1038,0,0,0,0,0,0
CONT_s4_l2a_Valkaama,1789834882.007,0.1036,0,0,0,0,0,0
CONT_s4_l2a_Valkaama,1789834882.11,0.1035,0,0,0,0,0,0
CONT_s4_l2a_Valkaama,1789834882.214,0.1035,0,0,0,0,0,0
CONT_s4_l2a_Valkaama,1789834882.317,0.1035,15513,15,0,282877423.6,0,2
CONT_s4_l2a_Valkaama,1789834882.421,0.1038,3126,5,0,303567204.0,0,2
CONT_s4_l2a_Valkaama,1789834882.525,0.1036,0,0,0,0,0,0
CONT_s4_l2a_Valkaama,1789834882.628,0.1035,0,0,0,0,0,0
CONT_s4_l2a_Valkaama,1789834882.732,0.1035,15644,22,0,155026983.5,0,2
CONT_s4_l2a_Valkaama,1789834882.836,0.1049,1539,2,0,162568188.5,0,2
CONT_s4_l2a_Valkaama,1789834882.94,0.1038,4623,6,0,143437183.5,0,2
CONT_s4_l2a_Valkaama,1789834883.044,0.1037,0,0,0,0,0,0
CONT_s4_l2a_Valkaama,1789834883.148,0.1036,10502,10,0,109640394.9,0,2
CONT_s4_l2a_Valkaama,1789834883.251,0.1036,3509,7,0,113282130.6,0,2
CONT_s4_l2a_Valkaama,1789834883.355,0.1037,55,1,0,142352243.0,0,1
CONT_s4_l2a_Valkaama,1789834883.458,0.1037,8028,11,0,83384874.3,0,2
CONT_s4_l2a_Valkaama,1789834883.562,0.1036,7345,5,0,59790465.0,0,1
CONT_s4_l2a_Valkaama,1789834883.666,0.1036,3594,12,0,73799482.7,0,2
CONT_s4_l2a_Valkaama,1789834883.769,0.1038,141,1,0,5504563.0,0,1
CONT_s4_l2a_Valkaama,1789834883.873,0.1036,6081,7,0,69231417.7,0,2
CONT_s4_l2a_Valkaama,1789834883.977,0.1036,7753,11,0,64632458.8,0,2
CONT_s4_l2a_Valkaama,1789834884.08,0.1036,3206,6,0,59917690.0,0,2
CONT_s4_l2a_Valkaama,1789834884.184,0.1036,6164,8,0,59682898.5,0,2
CONT_s4_l2a_Valkaama,1789834884.287,0.1035,3011,3,0,58227356.3,0,2
CONT_s4_l2a_Valkaama,1789834884.391,0.104,6152,8,0,54523344.8,0,2
CONT_s4_l2a_Valkaama,1789834884.495,0.1036,3072,4,0,49429687.0,0,2
CONT_s4_l2a_Valkaama,1789834884.598,0.1035,6172,8,0,51576044.5,0,2
CONT_s4_l2a_Valkaama,1789834884.702,0.1036,4482,4,0,50906376.8,0,2
CONT_s4_l2a_Valkaama,1789834884.806,0.1037,3162,5,0,47732651.8,0,2
CONT_s4_l2a_Valkaama,1789834884.909,0.1037,4634,6,0,44651608.5,0,2
CONT_s4_l2a_Valkaama,1789834885.013,0.1036,4636,6,0,46773563.0,0,2
CONT_s4_l2a_Valkaama,1789834885.117,0.1035,4602,6,0,39421169.0,0,2
CONT_s4_l2a_Valkaama,1789834885.22,0.1037,3068,4,0,35054029.5,0,2
CONT_s4_l2a_Valkaama,1789834885.324,0.1036,6359,8,0,33412766.8,0,2
CONT_s4_l2a_Valkaama,1789834885.428,0.1038,4602,6,0,29630253.5,0,2
CONT_s4_l2a_Valkaama,1789834885.531,0.1036,4542,5,0,29114558.2,0,2
CONT_s4_l2a_Valkaama,1789834885.635,0.1036,4667,7,0,26712752.7,0,2
CONT_s4_l2a_Valkaama,1789834885.738,0.1036,4537,5,0,23018328.0,0,2
CONT_s4_l2a_Valkaama,1789834885.842,0.1035,4676,6,0,20523805.0,0,3
CONT_s4_l2a_Valkaama,1789834885.946,0.104,1595,3,0,23637150.0,0,2
CONT_s4_l2a_Valkaama,1789834886.05,0.1037,6065,7,0,25232809.6,0,2
CONT_s4_l2a_Valkaama,1789834886.153,0.1035,4947,8,0,21434250.5,0,2
CONT_s4_l2a_Valkaama,1789834886.257,0.1038,4533,5,0,25056173.6,0,2
CONT_s4_l2a_Valkaama,1789834886.361,0.1036,4407,3,0,31790401.0,0,1
CONT_s4_l2a_Valkaama,1789834886.464,0.1037,4664,7,0,25791628.0,0,2
CONT_s4_l2a_Valkaama,1789834886.568,0.1038,3064,4,0,23745541.5,0,2
CONT_s4_l2a_Valkaama,1789834886.672,0.1037,3001,3,0,26540935.7,0,2
CONT_s4_l2a_Valkaama,1789834886.775,0.1037,7601,9,0,29333878.3,0,2
CONT_s4_l2a_Valkaama,1789834886.879,0.1037,4602,6,0,24640278.5,0,2
CONT_s4_l2a_Valkaama,1789834886.983,0.1037,3355,5,0,27763391.0,0,2
CONT_s4_l2a_Valkaama,1789834887.087,0.1037,4537,5,0,30003700.8,0,2
CONT_s4_l2a_Valkaama,1789834887.19,0.1036,4607,6,0,24555807.0,0,2
CONT_s4_l2a_Valkaama,1789834887.294,0.1036,4537,5,0,26092384.6,0,2
CONT_s4_l2a_Valkaama,1789834887.398,0.1038,4537,5,0,29134165.0,0,2
CONT_s4_l2a_Valkaama,1789834887.501,0.1037,4600,6,0,23850579.5,0,2
CONT_s4_l2a_Valkaama,1789834887.605,0.1036,1532,2,0,22391134.0,0,2
CONT_s4_l2a_Valkaama,1789834887.709,0.1036,7408,6,0,33224690.5,0,2
CONT_s4_l2a_Valkaama,1789834887.812,0.1036,5088,9,0,24585650.9,0,3
CONT_s4_l2a_Valkaama,1789834887.916,0.1038,3127,5,0,23093272.4,0,2
CONT_s4_l2a_Valkaama,1789834888.02,0.1037,0,0,0,0,0,0
CONT_s4_l2a_Valkaama,1789834888.123,0.1036,8940,8,0,35423128.0,0,2
CONT_s4_l2a_Valkaama,1789834888.227,0.1038,4601,6,0,28580530.5,0,2
CONT_s4_l2a_Valkaama,1789834888.332,0.1056,1532,2,0,27243175.5,0,2
CONT_s4_l2a_Valkaama,1789834888.436,0.1038,6132,8,0,32443108.5,0,2
CONT_s4_l2a_Valkaama,1789834888.54,0.1036,6358,8,0,34053992.6,0,2
CONT_s4_l2a_Valkaama,1789834888.643,0.1035,4602,6,0,29278432.5,0,2
CONT_s4_l2a_Valkaama,1789834888.747,0.1036,4472,4,0,30428111.2,0,2
CONT_s4_l2a_Valkaama,1789834888.851,0.1037,4602,6,0,27584565.0,0,2
CONT_s4_l2a_Valkaama,1789834888.955,0.1046,4602,6,0,23179326.0,0,2
CONT_s4_l2a_Valkaama,1789834889.059,0.1037,4542,5,0,24990969.2,0,2
CONT_s4_l2a_Valkaama,1789834889.163,0.1037,1599,3,0,22455957.7,0,2
CONT_s4_l2a_Valkaama,1789834889.266,0.1036,6071,7,0,24237481.7,0,2
CONT_s4_l2a_Valkaama,1789834889.37,0.1037,4533,5,0,25323890.4,0,2
CONT_s4_l2a_Valkaama,1789834889.474,0.1037,3415,6,0,23677586.5,0,2
CONT_s4_l2a_Valkaama,1789834889.577,0.1036,6002,6,0,31262211.0,0,2
CONT_s4_l2a_Valkaama,1789834889.681,0.1036,3064,4,0,26743856.0,0,2
CONT_s4_l2a_Valkaama,1789834889.784,0.1037,6002,6,0,28701628.0,0,2
CONT_s4_l2a_Valkaama,1789834889.888,0.1036,1736,4,0,21001023.0,0,3
CONT_s4_l2a_Valkaama,1789834889.992,0.1036,7476,7,0,30637626.1,0,2
CONT_s4_l2a_Valkaama,1789834890.095,0.1036,4533,5,0,30032500.2,0,2
CONT_s4_l2a_Valkaama,1789834890.199,0.1036,3480,7,0,27219448.4,0,2
CONT_s4_l2a_Valkaama,1789834890.303,0.1037,4600,6,0,33890753.0,0,2
CONT_s4_l2a_Valkaama,1789834890.406,0.1037,4602,6,0,29800896.0,0,2
CONT_s4_l2a_Valkaama,1789834890.51,0.1037,4537,5,0,30684575.8,0,2
CONT_s4_l2a_Valkaama,1789834890.614,0.1036,4537,5,0,31675309.4,0,2
CONT_s4_l2a_Valkaama,1789834890.717,0.1037,4607,6,0,26237718.0,0,2
CONT_s4_l2a_Valkaama,1789834890.821,0.1037,4537,5,0,29388642.8,0,2
CONT_s4_l2a_Valkaama,1789834890.925,0.1037,4472,4,0,32179291.8,0,2
CONT_s4_l2a_Valkaama,1789834891.029,0.1037,4602,6,0,26888118.5,0,2
CONT_s4_l2a_Valkaama,1789834891.132,0.1036,3468,7,0,24759462.7,0,2
CONT_s4_l2a_Valkaama,1789834891.236,0.1036,1532,2,0,23431945.5,0,2
CONT_s4_l2a_Valkaama,1789834891.339,0.1037,7534,8,0,27768431.5,0,2
CONT_s4_l2a_Valkaama,1789834891.444,0.105,4596,6,0,24023393.0,0,2
CONT_s4_l2a_Valkaama,1789834891.548,0.1038,4533,5,0,25858809.2,0,2
CONT_s4_l2a_Valkaama,1789834891.652,0.1037,4470,4,0,30069686.8,0,2
CONT_s4_l2a_Valkaama,1789834891.755,0.1036,4601,6,0,26076382.0,0,2
CONT_s4_l2a_Valkaama,1789834891.859,0.1036,3205,5,0,20202886.0,0,3
CONT_s4_l2a_Valkaama,1789834891.963,0.1037,4869,7,0,25101507.1,0,2
CONT_s4_l2a_Valkaama,1789834892.067,0.1037,6068,7,0,30112180.3,0,2
CONT_s4_l2a_Valkaama,1789834892.17,0.1036,3133,5,0,27210393.8,0,2
CONT_s4_l2a_Valkaama,1789834892.274,0.1035,4603,6,0,22493630.0,0,2
CONT_s4_l2a_Valkaama,1789834892.377,0.1038,4605,6,0,18598190.0,0,2
CONT_s4_l2a_Valkaama,1789834892.481,0.1037,4613,6,0,15985283.5,0,2
CONT_s4_l2a_Valkaama,1789834892.585,0.1036,3005,3,0,19087331.0,0,2
CONT_s4_l2a_Valkaama,1789834892.688,0.1035,6077,7,0,21358168.9,0,2
CONT_s4_l2a_Valkaama,1789834892.792,0.1035,4955,8,0,18553340.5,0,2
CONT_s4_l2a_Valkaama,1789834892.895,0.1038,3001,3,0,22437872.7,0,2
CONT_s4_l2a_Valkaama,1789834892.999,0.1037,5939,5,0,29186268.6,0,2
CONT_s4_l2a_Valkaama,1789834893.103,0.1036,4596,6,0,23429169.5,0,2
CONT_s4_l2a_Valkaama,1789834893.206,0.1036,3127,5,0,19980077.4,0,2
CONT_s4_l2a_Valkaama,1789834893.31,0.1035,4534,5,0,23583241.4,0,2
CONT_s4_l2a_Valkaama,1789834893.413,0.1037,4957,8,0,19053856.0,0,2
CONT_s4_l2a_Valkaama,1789834893.517,0.1037,4537,5,0,22505815.8,0,2
CONT_s4_l2a_Valkaama,1789834893.62,0.1036,4656,7,0,22253840.9,0,2
CONT_s4_l2a_Valkaama,1789834893.724,0.1035,4533,5,0,19285584.4,0,2
CONT_s4_l2a_Valkaama,1789834893.828,0.1042,4737,7,0,18902859.9,0,3
CONT_s4_l2a_Valkaama,1789834893.932,0.1038,4596,6,0,18275177.5,0,2
CONT_s4_l2a_Valkaama,1789834894.036,0.1036,4470,4,0,21136720.5,0,2
CONT_s4_l2a_Valkaama,1789834894.139,0.1035,4533,5,0,23495671.2,0,2
CONT_s4_l2a_Valkaama,1789834894.243,0.1035,4601,6,0,19500964.0,0,2
CONT_s4_l2a_Valkaama,1789834894.346,0.1038,1595,3,0,17523243.3,0,2
CONT_s4_l2a_Valkaama,1789834894.45,0.1039,4868,7,0,21940854.1,0,2
CONT_s4_l2a_Valkaama,1789834894.554,0.1036,6065,7,0,23079042.1,0,2
CONT_s4_l2a_Valkaama,1789834894.658,0.1035,4596,6,0,19071048.0,0,2
CONT_s4_l2a_Valkaama,1789834894.761,0.1038,4470,4,0,25301447.8,0,2
CONT_s4_l2a_Valkaama,1789834894.865,0.1037,4533,5,0,26925011.2,0,2
CONT_s4_l2a_Valkaama,1789834894.969,0.1037,4533,5,0,24867247.8,0,2
CONT_s4_l2a_Valkaama,1789834895.072,0.1036,1596,3,0,22105595.0,0,2
CONT_s4_l2a_Valkaama,1789834895.176,0.1035,6491,10,0,26978714.5,0,2
CONT_s4_l2a_Valkaama,1789834895.279,0.1036,4537,5,0,29816220.6,0,2
CONT_s4_l2a_Valkaama,1789834895.383,0.1036,3068,4,0,25955972.0,0,2
CONT_s4_l2a_Valkaama,1789834895.487,0.1036,6126,8,0,28813704.1,0,2
CONT_s4_l2a_Valkaama,1789834895.59,0.1035,4533,5,0,30672655.0,0,2
CONT_s4_l2a_Valkaama,1789834895.694,0.1035,3064,4,0,27333953.5,0,2
CONT_s4_l2a_Valkaama,1789834895.797,0.1035,6065,7,0,28177160.6,0,2
CONT_s4_l2a_Valkaama,1789834895.901,0.1038,4679,6,0,26525221.3,0,3
CONT_s4_l2a_Valkaama,1789834896.004,0.1036,4814,6,0,29906349.0,0,2
CONT_s4_l2a_Valkaama,1789834896.108,0.1035,4470,4,0,32737662.5,0,2
CONT_s4_l2a_Valkaama,1789834896.212,0.1037,1595,3,0,28311283.3,0,2
CONT_s4_l2a_Valkaama,1789834896.315,0.1036,6065,7,0,29968064.1,0,2
CONT_s4_l2a_Valkaama,1789834896.419,0.1036,4470,4,0,34559102.5,0,2
CONT_s4_l2a_Valkaama,1789834896.522,0.1036,4533,5,0,35807776.2,0,2
CONT_s4_l2a_Valkaama,1789834896.626,0.1035,4533,5,0,34905363.8,0,2
CONT_s4_l2a_Valkaama,1789834896.73,0.1039,1532,2,0,34195298.0,0,2
CONT_s4_l2a_Valkaama,1789834896.834,0.1038,7889,10,0,37856464.6,0,2
CONT_s4_l2a_Valkaama,1789834896.938,0.1046,3138,5,0,35198898.4,0,2
CONT_s4_l2a_Valkaama,1789834897.042,0.1036,6006,6,0,36155906.0,0,2
CONT_s4_l2a_Valkaama,1789834897.146,0.1035,4537,5,0,34709835.0,0,2
CONT_s4_l2a_Valkaama,1789834897.249,0.1036,3129,5,0,31339948.4,0,2
CONT_s4_l2a_Valkaama,1789834897.353,0.1038,4533,5,0,34043891.0,0,2
CONT_s4_l2a_Valkaama,1789834897.458,0.1046,3064,4,0,29547784.5,0,2
CONT_s4_l2a_Valkaama,1789834897.561,0.1037,6065,7,0,30053233.1,0,2
CONT_s4_l2a_Valkaama,1789834897.665,0.1037,4825,6,0,33705554.3,0,2
CONT_s4_l2a_Valkaama,1789834897.769,0.1035,4596,6,0,29190258.0,0,2
CONT_s4_l2a_Valkaama,1789834897.872,0.1036,4611,5,0,25877155.8,0,3
CONT_s4_l2a_Valkaama,1789834897.976,0.1036,1595,3,0,27737369.7,0,2
CONT_s4_l2a_Valkaama,1789834898.079,0.1036,7471,7,0,35586331.7,0,2
CONT_s4_l2a_Valkaama,1789834898.183,0.1037,3064,4,0,31829893.5,0,2
CONT_s4_l2a_Valkaama,1789834898.287,0.1037,6002,6,0,31375546.3,0,2
CONT_s4_l2a_Valkaama,1789834898.39,0.1037,3418,6,0,27749278.5,0,2
CONT_s4_l2a_Valkaama,1789834898.494,0.1038,4536,5,0,28433511.4,0,2
CONT_s4_l2a_Valkaama,1789834898.598,0.1037,4542,5,0,31017373.2,0,2
CONT_s4_l2a_Valkaama,1789834898.701,0.1035,4537,5,0,32999587.6,0,2
CONT_s4_l2a_Valkaama,1789834898.805,0.1035,4537,5,0,34604401.2,0,2
CONT_s4_l2a_Valkaama,1789834898.909,0.1037,3001,3,0,36439063.3,0,2
CONT_s4_l2a_Valkaama,1789834899.012,0.1036,4533,5,0,36703718.0,0,2
CONT_s4_l2a_Valkaama,1789834899.116,0.1034,5939,5,0,40862962.2,0,2
CONT_s4_l2a_Valkaama,1789834899.219,0.1035,3064,4,0,38631656.0,0,2
CONT_s4_l2a_Valkaama,1789834899.323,0.1035,4884,7,0,39126730.9,0,2
CONT_s4_l2a_Valkaama,1789834899.426,0.1037,0,0,0,0,0,0
CONT_s4_l2a_Valkaama,1789834899.53,0.1036,7471,7,0,45610766.4,0,2
CONT_s4_l2a_Valkaama,1789834899.634,0.1035,6002,6,0,46542999.3,0,2
CONT_s4_l2a_Valkaama,1789834899.737,0.1035,1532,2,0,43952575.5,0,2
CONT_s4_l2a_Valkaama,1789834899.841,0.1036,7408,6,0,49655429.2,0,2
CONT_s4_l2a_Valkaama,1789834899.946,0.1054,4679,6,0,42732600.7,0,3
CONT_s4_l2a_Valkaama,1789834900.05,0.1037,4470,4,0,50054563.5,0,2
CONT_s4_l2a_Valkaama,1789834900.153,0.1034,4932,8,0,44070955.4,0,2
CONT_s4_l2a_Valkaama,1789834900.257,0.1036,3066,4,0,44766036.0,0,2
CONT_s4_l2a_Valkaama,1789834900.36,0.1037,4601,6,0,45775571.5,0,2
CONT_s4_l2a_Valkaama,1789834900.464,0.1038,4472,4,0,47606195.2,0,2
CONT_s4_l2a_Valkaama,1789834900.568,0.1036,3003,3,0,48572987.0,0,2
CONT_s4_l2a_Valkaama,1789834900.671,0.1037,6071,7,0,44446780.3,0,2
CONT_s4_l2a_Valkaama,1789834900.775,0.1038,1534,2,0,41157800.5,0,2
CONT_s4_l2a_Valkaama,1789834900.879,0.1038,7475,7,0,46325531.0,0,2
CONT_s4_l2a_Valkaama,1789834900.983,0.1038,4759,5,0,45102800.8,0,2
CONT_s4_l2a_Valkaama,1789834901.086,0.1037,1604,3,0,38638438.3,0,2
CONT_s4_l2a_Valkaama,1789834901.19,0.1037,5941,5,0,45098887.2,0,2
CONT_s4_l2a_Valkaama,1789834901.294,0.1037,3003,3,0,46277755.3,0,2
CONT_s4_l2a_Valkaama,1789834901.398,0.1039,7473,7,0,45145176.7,0,2
CONT_s4_l2a_Valkaama,1789834901.501,0.1036,3129,5,0,42384997.8,0,2
CONT_s4_l2a_Valkaama,1789834901.605,0.1036,4953,8,0,44640815.5,0,2
CONT_s4_l2a_Valkaama,1789834901.708,0.1035,1534,2,0,43157250.5,0,2
CONT_s4_l2a_Valkaama,1789834901.812,0.1037,7540,8,0,43187080.8,0,2
CONT_s4_l2a_Valkaama,1789834901.916,0.1038,4743,7,0,31427756.4,0,3
CONT_s4_l2a_Valkaama,1789834902.02,0.1038,4477,4,0,38933427.5,0,2
CONT_s4_l2a_Valkaama,1789834902.124,0.1037,4602,6,0,34747827.0,0,2
CONT_s4_l2a_Valkaama,1789834902.227,0.1036,4537,5,0,36062656.2,0,2
CONT_s4_l2a_Valkaama,1789834902.334,0.1073,4539,5,0,39540833.6,0,2
CONT_s4_l2a_Valkaama,1789834902.438,0.1038,4533,5,0,34986106.2,0,2
CONT_s4_l2a_Valkaama,1789834902.542,0.1037,4470,4,0,36927330.5,0,2
CONT_s4_l2a_Valkaama,1789834902.645,0.1035,1769,6,0,36087446.5,0,2
CONT_s4_l2a_Valkaama,1789834902.749,0.1037,0,0,0,0,0,0
CONT_s4_l2a_Valkaama,1789834902.853,0.1037,0,0,0,0,0,0
CONT_s4_l2a_Valkaama,1789834902.956,0.1037,0,0,0,0,0,0
CONT_s4_l2a_Valkaama,1789834903.06,0.1035,0,0,0,0,0,0
CONT_s4_l2a_Valkaama,1789834903.164,0.1035,0,0,0,0,0,0
CONT_s4_l2a_Valkaama,1789834903.267,0.1037,0,0,0,0,0,0
CONT_s4_l2a_Valkaama,1789834903.371,0.1037,17938,21,0,65675602.0,0,2
CONT_s4_l2a_Valkaama,1789834903.475,0.1037,4533,5,0,58651193.0,0,2
CONT_s4_l2a_Valkaama,1789834903.578,0.1036,4596,6,0,51423033.5,0,2
CONT_s4_l2a_Valkaama,1789834903.682,0.1035,3127,5,0,45909712.2,0,2
CONT_s4_l2a_Valkaama,1789834903.785,0.1038,4596,6,0,36942955.0,0,2
CONT_s4_l2a_Valkaama,1789834903.889,0.1036,4994,8,0,27429491.9,0,3
CONT_s4_l2a_Valkaama,1789834903.993,0.1038,4604,6,0,27210730.5,0,2
CONT_s4_l2a_Valkaama,1789834904.097,0.1036,4601,6,0,23155799.5,0,2
CONT_s4_l2a_Valkaama,1789834904.2,0.1037,4602,6,0,19973824.5,0,2
CONT_s4_l2a_Valkaama,1789834904.304,0.1036,4594,6,0,22924134.0,0,2
CONT_s4_l2a_Valkaama,1789834904.408,0.1037,4533,5,0,21761670.2,0,2
CONT_s4_l2a_Valkaama,1789834904.511,0.1037,4596,6,0,19562697.5,0,2
CONT_s4_l2a_Valkaama,1789834904.615,0.1037,4533,5,0,21254243.8,0,2
CONT_s4_l2a_Valkaama,1789834904.719,0.1037,3408,6,0,20189567.0,0,2
CONT_s4_l2a_Valkaama,1789834904.822,0.1037,4601,6,0,17112547.0,0,2
CONT_s4_l2a_Valkaama,1789834904.926,0.1038,3001,3,0,20061044.3,0,2
CONT_s4_l2a_Valkaama,1789834905.03,0.1038,6065,7,0,22172218.6,0,2
CONT_s4_l2a_Valkaama,1789834905.134,0.104,4596,6,0,18786417.5,0,2
CONT_s4_l2a_Valkaama,1789834905.238,0.1037,3001,3,0,22277058.7,0,2
CONT_s4_l2a_Valkaama,1789834905.341,0.1037,5939,5,0,30622953.2,0,2
CONT_s4_l2a_Valkaama,1789834905.448,0.1066,4947,8,0,23503757.0,0,2
CONT_s4_l2a_Valkaama,1789834905.552,0.1037,3127,5,0,20754558.0,0,2
CONT_s4_l2a_Valkaama,1789834905.655,0.1035,6137,8,0,30193112.5,0,2
CONT_s4_l2a_Valkaama,1789834905.759,0.1037,4537,5,0,28730783.4,0,2
CONT_s4_l2a_Valkaama,1789834905.863,0.1038,1599,3,0,24954996.3,0,2
CONT_s4_l2a_Valkaama,1789834905.966,0.1037,6212,8,0,24603828.0,0,3
CONT_s4_l2a_Valkaama,1789834906.07,0.1035,4656,7,0,24313952.9,0,2
CONT_s4_l2a_Valkaama,1789834906.173,0.1035,4596,6,0,20572695.5,0,2
CONT_s4_l2a_Valkaama,1789834906.277,0.1037,4814,6,0,24774433.3,0,2
CONT_s4_l2a_Valkaama,1789834906.381,0.1038,4596,6,0,21676053.5,0,2
CONT_s4_l2a_Valkaama,1789834906.485,0.1037,3069,4,0,19528469.5,0,2
CONT_s4_l2a_Valkaama,1789834906.588,0.1036,5939,5,0,26822506.8,0,2
CONT_s4_l2a_Valkaama,1789834906.692,0.1037,4533,5,0,27302866.2,0,2
CONT_s4_l2a_Valkaama,1789834906.796,0.1037,4596,6,0,22130629.0,0,2
CONT_s4_l2a_Valkaama,1789834906.899,0.1039,1595,3,0,19037015.3,0,2
CONT_s4_l2a_Valkaama,1789834907.003,0.1037,6485,10,0,27238714.5,0,2
CONT_s4_l2a_Valkaama,1789834907.107,0.1036,4602,6,0,24566651.5,0,2
CONT_s4_l2a_Valkaama,1789834907.211,0.1038,4607,6,0,21145220.0,0,2
CONT_s4_l2a_Valkaama,1789834907.314,0.1037,4537,5,0,23856732.4,0,2
CONT_s4_l2a_Valkaama,1789834907.418,0.1036,4537,5,0,20459801.6,0,2
CONT_s4_l2a_Valkaama,1789834907.521,0.1036,3131,5,0,17781464.4,0,2
CONT_s4_l2a_Valkaama,1789834907.625,0.1035,6065,7,0,20702408.1,0,2
CONT_s4_l2a_Valkaama,1789834907.729,0.1038,4470,4,0,24619640.8,0,2
CONT_s4_l2a_Valkaama,1789834907.834,0.1048,3127,5,0,21287031.6,0,2
CONT_s4_l2a_Valkaama,1789834907.937,0.1036,4961,7,0,21655186.1,0,3
CONT_s4_l2a_Valkaama,1789834908.041,0.1036,1532,2,0,22817550.5,0,2
CONT_s4_l2a_Valkaama,1789834908.144,0.1036,7539,8,0,27669622.1,0,2
CONT_s4_l2a_Valkaama,1789834908.248,0.1037,4533,5,0,28013603.8,0,2
CONT_s4_l2a_Valkaama,1789834908.352,0.1037,4533,5,0,29110754.0,0,2
CONT_s4_l2a_Valkaama,1789834908.455,0.1036,4470,4,0,35011273.0,0,2
CONT_s4_l2a_Valkaama,1789834908.559,0.1035,4596,6,0,29700759.5,0,2
CONT_s4_l2a_Valkaama,1789834908.662,0.1037,4533,5,0,32466192.4,0,2
CONT_s4_l2a_Valkaama,1789834908.766,0.1036,3342,5,0,32528234.2,0,2
CONT_s4_l2a_Valkaama,1789834908.87,0.1037,4599,6,0,35045892.0,0,2
CONT_s4_l2a_Valkaama,1789834908.973,0.1036,4601,6,0,31744457.5,0,2
CONT_s4_l2a_Valkaama,1789834909.077,0.1036,4537,5,0,32889092.6,0,2
CONT_s4_l2a_Valkaama,1789834909.181,0.1036,4610,6,0,27648457.5,0,2
CONT_s4_l2a_Valkaama,1789834909.284,0.1036,4607,6,0,29958500.0,0,2
CONT_s4_l2a_Valkaama,1789834909.388,0.1036,3124,5,0,28923567.4,0,2
CONT_s4_l2a_Valkaama,1789834909.491,0.1036,6002,6,0,33712638.3,0,2
CONT_s4_l2a_Valkaama,1789834909.595,0.1035,4814,6,0,29989994.7,0,2
CONT_s4_l2a_Valkaama,1789834909.699,0.1037,4533,5,0,30865363.4,0,2
CONT_s4_l2a_Valkaama,1789834909.802,0.1036,4470,4,0,34308341.8,0,2
CONT_s4_l2a_Valkaama,1789834909.906,0.104,3268,6,0,27889268.7,0,3
CONT_s4_l2a_Valkaama,1789834910.01,0.1037,4533,5,0,32592671.6,0,2
CONT_s4_l2a_Valkaama,1789834910.113,0.1035,4538,5,0,34363236.6,0,2
CONT_s4_l2a_Valkaama,1789834910.217,0.1036,4470,4,0,38390181.0,0,2
CONT_s4_l2a_Valkaama,1789834910.321,0.1037,4596,6,0,32852208.0,0,2
CONT_s4_l2a_Valkaama,1789834910.425,0.1038,3336,5,0,32859585.8,0,2
CONT_s4_l2a_Valkaama,1789834910.528,0.1036,4599,6,0,34307553.0,0,2
CONT_s4_l2a_Valkaama,1789834910.632,0.1036,6070,7,0,38260221.3,0,2
CONT_s4_l2a_Valkaama,1789834910.735,0.1036,4603,6,0,32255290.5,0,2
CONT_s4_l2a_Valkaama,1789834910.839,0.1039,3460,8,0,27838841.0,0,2
CONT_s4_l2a_Valkaama,1789834910.945,0.1056,5405,11,0,25971051.2,0,2
CONT_s4_l2a_Valkaama,1789834911.048,0.1036,0,0,0,0,0,0
CONT_s4_l2a_Valkaama,1789834911.152,0.1035,0,0,0,0,0,0
CONT_s4_l2a_Valkaama,1789834911.256,0.1037,13284,10,0,37340368.2,0,2
CONT_s4_l2a_Valkaama,1789834911.359,0.1037,1532,2,0,46023520.5,0,2
CONT_s4_l2a_Valkaama,1789834911.463,0.1037,0,0,0,0,0,0
CONT_s4_l2a_Valkaama,1789834911.567,0.1035,0,0,0,0,0,0
CONT_s4_l2a_Valkaama,1789834911.67,0.1036,16221,12,0,43938186.6,0,2
CONT_s4_l2a_Valkaama,1789834911.774,0.1036,3375,6,0,52043863.7,0,2
CONT_s4_l2a_Valkaama,1789834911.878,0.1037,0,0,0,0,0,0
CONT_s4_l2a_Valkaama,1789834911.981,0.1037,141,1,0,4471278.0,0,1
CONT_s4_l2a_Valkaama,1789834912.085,0.1036,13410,12,0,53062424.0,0,2
CONT_s4_l2a_Valkaama,1789834912.188,0.1036,0,0,0,0,0,0
CONT_s4_l2a_Valkaama,1789834912.292,0.1037,0,0,0,0,0,0
CONT_s4_l2a_Valkaama,1789834912.396,0.1036,13607,15,0,60665284.2,0,2
CONT_s4_l2a_Valkaama,1789834912.499,0.1037,1534,2,0,60723604.5,0,2
CONT_s4_l2a_Valkaama,1789834912.603,0.1036,6341,8,0,50162755.2,0,2
CONT_s4_l2a_Valkaama,1789834912.707,0.1035,4472,4,0,53212670.8,0,2
CONT_s4_l2a_Valkaama,1789834912.81,0.1037,3073,4,0,57673934.0,0,2
CONT_s4_l2a_Valkaama,1789834912.914,0.1038,6006,6,0,52866846.0,0,2
CONT_s4_l2a_Valkaama,1789834913.018,0.1037,0,0,0,0,0,0
CONT_s4_l2a_Valkaama,1789834913.121,0.1036,9005,9,0,51577047.7,0,2
CONT_s4_l2a_Valkaama,1789834913.225,0.1037,4470,4,0,50800405.5,0,2
CONT_s4_l2a_Valkaama,1789834913.333,0.1075,1532,2,0,57282935.0,0,2
CONT_s4_l2a_Valkaama,1789834913.436,0.1037,7749,8,0,44594815.0,0,2
CONT_s4_l2a_Valkaama,1789834913.54,0.1038,3127,5,0,54496877.8,0,2
CONT_s4_l2a_Valkaama,1789834913.644,0.1036,5939,5,0,43894486.0,0,2
CONT_s4_l2a_Valkaama,1789834913.747,0.1037,4598,6,0,45110539.5,0,2
CONT_s4_l2a_Valkaama,1789834913.851,0.1039,64,1,0,54898290.0,0,1
CONT_s4_l2a_Valkaama,1789834913.955,0.1039,7685,9,0,41974471.0,0,3
CONT_s4_l2a_Valkaama,1789834914.059,0.1035,3003,3,0,47075945.0,0,2
CONT_s4_l2a_Valkaama,1789834914.162,0.1036,4537,5,0,47977442.8,0,2
CONT_s4_l2a_Valkaama,1789834914.266,0.1036,6408,9,0,44295684.7,0,2
CONT_s4_l2a_Valkaama,1789834914.37,0.1039,3001,3,0,44235784.0,0,2
CONT_s4_l2a_Valkaama,1789834914.473,0.1036,4533,5,0,44974738.0,0,2
CONT_s4_l2a_Valkaama,1789834914.577,0.1036,6002,6,0,46345492.3,0,2
CONT_s4_l2a_Valkaama,1789834914.681,0.1036,4470,4,0,45907507.8,0,2
CONT_s4_l2a_Valkaama,1789834914.784,0.1037,4533,5,0,44479145.2,0,2
CONT_s4_l2a_Valkaama,1789834914.888,0.1038,63,1,0,38572978.0,0,1
CONT_s4_l2a_Valkaama,1789834914.992,0.1037,7471,7,0,48540794.4,0,2
CONT_s4_l2a_Valkaama,1789834915.095,0.1036,4936,8,0,40903511.2,0,2
CONT_s4_l2a_Valkaama,1789834915.199,0.1037,4533,5,0,39646319.6,0,2
CONT_s4_l2a_Valkaama,1789834915.303,0.1036,4599,6,0,38558752.5,0,2
CONT_s4_l2a_Valkaama,1789834915.406,0.1037,3067,4,0,34177631.0,0,2
CONT_s4_l2a_Valkaama,1789834915.51,0.1039,6006,6,0,38549795.3,0,2
CONT_s4_l2a_Valkaama,1789834915.614,0.1036,4537,5,0,32842712.2,0,2
CONT_s4_l2a_Valkaama,1789834915.717,0.1037,3133,5,0,28082190.0,0,2
CONT_s4_l2a_Valkaama,1789834915.821,0.1037,5941,5,0,32650469.6,0,2
CONT_s4_l2a_Valkaama,1789834915.925,0.1037,3420,6,0,29450858.0,0,2
CONT_s4_l2a_Valkaama,1789834916.029,0.1037,4748,7,0,22227838.0,0,3
CONT_s4_l2a_Valkaama,1789834916.132,0.1036,0,0,0,0,0,0
CONT_s4_l2a_Valkaama,1789834916.236,0.1037,9009,9,0,30555967.3,0,2
CONT_s4_l2a_Valkaama,1789834916.34,0.1039,4600,6,0,26217172.5,0,2
CONT_s4_l2a_Valkaama,1789834916.445,0.1054,1532,2,0,24601562.0,0,2
CONT_s4_l2a_Valkaama,1789834916.549,0.1037,7408,6,0,32107010.2,0,2
CONT_s4_l2a_Valkaama,1789834916.652,0.1035,4533,5,0,31967853.0,0,2
CONT_s4_l2a_Valkaama,1789834916.756,0.1037,4883,7,0,28666169.4,0,2
CONT_s4_l2a_Valkaama,1789834916.86,0.1036,3129,5,0,26448982.0,0,2
CONT_s4_l2a_Valkaama,1789834916.963,0.1036,4605,6,0,21270959.5,0,2
CONT_s4_l2a_Valkaama,1789834917.067,0.1037,4537,5,0,21702557.6,0,2
CONT_s4_l2a_Valkaama,1789834917.171,0.1036,3003,3,0,25090119.3,0,2
CONT_s4_l2a_Valkaama,1789834917.274,0.1037,6069,7,0,25859060.7,0,2
CONT_s4_l2a_Valkaama,1789834917.378,0.1036,4533,5,0,26770702.0,0,2
CONT_s4_l2a_Valkaama,1789834917.481,0.1036,3001,3,0,30159110.3,0,2
CONT_s4_l2a_Valkaama,1789834917.585,0.1036,4820,6,0,30872541.7,0,2
CONT_s4_l2a_Valkaama,1789834917.689,0.1036,4533,5,0,30412406.0,0,2
CONT_s4_l2a_Valkaama,1789834917.792,0.1035,5939,5,0,37769900.4,0,2
CONT_s4_l2a_Valkaama,1789834917.896,0.1036,3064,4,0,32087078.5,0,2
CONT_s4_l2a_Valkaama,1789834917.999,0.1037,3142,4,0,29729471.5,0,3
CONT_s4_l2a_Valkaama,1789834918.103,0.1036,4533,5,0,36597831.2,0,2
CONT_s4_l2a_Valkaama,1789834918.207,0.1037,6007,6,0,40003922.0,0,2
CONT_s4_l2a_Valkaama,1789834918.31,0.1036,3001,3,0,41140114.7,0,2
CONT_s4_l2a_Valkaama,1789834918.414,0.1036,6402,9,0,40460013.3,0,2
CONT_s4_l2a_Valkaama,1789834918.517,0.1036,4600,6,0,36719459.0,0,2
CONT_s4_l2a_Valkaama,1789834918.621,0.1036,3003,3,0,43267746.3,0,2
CONT_s4_l2a_Valkaama,1789834918.725,0.1035,6073,7,0,38503558.7,0,2
CONT_s4_l2a_Valkaama,1789834918.83,0.105,3070,4,0,38368292.5,0,2
CONT_s4_l2a_Valkaama,1789834918.933,0.1038,5943,5,0,48606011.4,0,2
CONT_s4_l2a_Valkaama,1789834919.037,0.1037,4474,4,0,48725876.2,0,2
CONT_s4_l2a_Valkaama,1789834919.141,0.1035,3072,4,0,43463418.0,0,2
CONT_s4_l2a_Valkaama,1789834919.244,0.1036,3418,6,0,43270160.7,0,2
CONT_s4_l2a_Valkaama,1789834919.348,0.1036,4474,4,0,45922322.2,0,2
CONT_s4_l2a_Valkaama,1789834919.453,0.1052,4474,4,0,47233941.5,0,2
CONT_s4_l2a_Valkaama,1789834919.557,0.1036,4541,5,0,43881049.6,0,2
CONT_s4_l2a_Valkaama,1789834919.66,0.1037,3001,3,0,44922328.7,0,2
CONT_s4_l2a_Valkaama,1789834919.764,0.1036,4470,4,0,48651270.0,0,2
CONT_s4_l2a_Valkaama,1789834919.868,0.1037,7471,7,0,49528695.6,0,2
CONT_s4_l2a_Valkaama,1789834919.971,0.1037,1673,3,0,29603139.0,0,3
CONT_s4_l2a_Valkaama,1789834920.075,0.1036,3342,5,0,45157912.0,0,2
CONT_s4_l2a_Valkaama,1789834920.178,0.1036,4599,6,0,41327734.5,0,2
CONT_s4_l2a_Valkaama,1789834920.282,0.1036,7539,8,0,49977013.8,0,2
CONT_s4_l2a_Valkaama,1789834920.386,0.1036,3069,4,0,44630583.0,0,2
CONT_s4_l2a_Valkaama,1789834920.489,0.1036,6079,7,0,48104074.0,0,2
CONT_s4_l2a_Valkaama,1789834920.593,0.1036,4608,6,0,45675153.0,0,2
CONT_s4_l2a_Valkaama,1789834920.696,0.1036,3005,3,0,48236360.7,0,2
CONT_s4_l2a_Valkaama,1789834920.8,0.1035,6352,8,0,43251075.8,0,2
CONT_s4_l2a_Valkaama,1789834920.903,0.1036,1532,2,0,40285810.0,0,2
CONT_s4_l2a_Valkaama,1789834921.007,0.1037,4470,4,0,45013523.0,0,2
CONT_s4_l2a_Valkaama,1789834921.111,0.1036,6002,6,0,46448074.7,0,2
CONT_s4_l2a_Valkaama,1789834921.214,0.1036,4596,6,0,37930939.0,0,2
CONT_s4_l2a_Valkaama,1789834921.318,0.1036,0,0,0,0,0,0
CONT_s4_l2a_Valkaama,1789834921.422,0.1038,8940,8,0,46986369.0,0,2
CONT_s4_l2a_Valkaama,1789834921.525,0.1036,5548,11,0,38765356.5,0,2
CONT_s4_l2a_Valkaama,1789834921.629,0.1034,63,1,0,33378945.0,0,1
CONT_s4_l2a_Valkaama,1789834921.732,0.1037,0,0,0,0,0,0
CONT_s4_l2a_Valkaama,1789834921.836,0.1038,0,0,0,0,0,0
CONT_s4_l2a_Valkaama,1789834921.94,0.1041,16348,14,0,45498000.9,0,2
CONT_s4_l2a_Valkaama,1789834922.044,0.1036,3529,7,0,38815024.0,0,3
CONT_s4_l2a_Valkaama,1789834922.147,0.1035,6070,7,0,45280537.3,0,2
CONT_s4_l2a_Valkaama,1789834922.251,0.1036,4602,6,0,38878878.5,0,2
CONT_s4_l2a_Valkaama,1789834922.355,0.1037,4537,5,0,32131331.6,0,2
CONT_s4_l2a_Valkaama,1789834922.458,0.1036,4667,7,0,27905025.9,0,2
CONT_s4_l2a_Valkaama,1789834922.562,0.1035,4607,6,0,23239295.0,0,2
CONT_s4_l2a_Valkaama,1789834922.665,0.1036,4537,5,0,25821197.8,0,2
CONT_s4_l2a_Valkaama,1789834922.769,0.1036,4537,5,0,22704831.8,0,2
CONT_s4_l2a_Valkaama,1789834922.873,0.1036,4600,6,0,20307822.0,0,2
CONT_s4_l2a_Valkaama,1789834922.976,0.1037,1595,3,0,19627681.3,0,2
CONT_s4_l2a_Valkaama,1789834923.08,0.1037,6002,6,0,24311626.0,0,2
CONT_s4_l2a_Valkaama,1789834923.184,0.1036,4947,8,0,21567041.5,0,2
CONT_s4_l2a_Valkaama,1789834923.287,0.1037,4601,6,0,19392304.5,0,2
CONT_s4_l2a_Valkaama,1789834923.391,0.1037,4598,6,0,16709754.5,0,2
CONT_s4_l2a_Valkaama,1789834923.495,0.1036,4535,5,0,13766145.0,0,2
CONT_s4_l2a_Valkaama,1789834923.598,0.1036,3133,5,0,13731569.4,0,2
CONT_s4_l2a_Valkaama,1789834923.702,0.1035,6006,6,0,20018533.7,0,2
CONT_s4_l2a_Valkaama,1789834923.805,0.1038,4537,5,0,23828121.0,0,2
CONT_s4_l2a_Valkaama,1789834923.909,0.1036,4537,5,0,20769774.0,0,2
CONT_s4_l2a_Valkaama,1789834924.013,0.1036,3496,6,0,19204660.2,0,3
CONT_s4_l2a_Valkaama,1789834924.116,0.1036,4537,5,0,24752239.0,0,2
CONT_s4_l2a_Valkaama,1789834924.22,0.1036,4607,6,0,22307904.5,0,2
CONT_s4_l2a_Valkaama,1789834924.323,0.1036,1534,2,0,21359074.0,0,2
CONT_s4_l2a_Valkaama,1789834924.427,0.1038,7475,7,0,30205768.7,0,2
CONT_s4_l2a_Valkaama,1789834924.531,0.1036,4537,5,0,32226403.8,0,2
CONT_s4_l2a_Valkaama,1789834924.634,0.1036,3208,9,0,26546221.3,0,2
CONT_s4_l2a_Valkaama,1789834924.738,0.1036,0,0,0,0,0,0
CONT_s4_l2a_Valkaama,1789834924.842,0.1037,0,0,0,0,0,0
CONT_s4_l2a_Valkaama,1789834924.947,0.1054,14816,12,0,41025398.8,0,2
CONT_s4_l2a_Valkaama,1789834925.051,0.1036,3387,6,0,40832002.5,0,2
CONT_s4_l2a_Valkaama,1789834925.154,0.1035,6069,7,0,43775773.0,0,2
CONT_s4_l2a_Valkaama,1789834925.258,0.1036,4602,6,0,37867511.0,0,2
CONT_s4_l2a_Valkaama,1789834925.363,0.1051,4602,6,0,31602525.5,0,2
CONT_s4_l2a_Valkaama,1789834925.467,0.1037,3133,5,0,28553263.2,0,2
CONT_s4_l2a_Valkaama,1789834925.57,0.1037,4607,6,0,23519919.5,0,2
CONT_s4_l2a_Valkaama,1789834925.674,0.1035,4537,5,0,23918263.4,0,2
CONT_s4_l2a_Valkaama,1789834925.777,0.1035,4602,6,0,23231659.5,0,2
CONT_s4_l2a_Valkaama,1789834925.881,0.104,4600,6,0,19599148.0,0,2
CONT_s4_l2a_Valkaama,1789834925.985,0.1037,3205,5,0,15054963.0,0,3
CONT_s4_l2a_Valkaama,1789834926.089,0.1036,6002,6,0,23734877.0,0,2
CONT_s4_l2a_Valkaama,1789834926.192,0.1036,4596,6,0,21221495.5,0,2
CONT_s4_l2a_Valkaama,1789834926.296,0.1036,4950,8,0,18740014.0,0,2
CONT_s4_l2a_Valkaama,1789834926.399,0.1037,1532,2,0,18015941.5,0,2
CONT_s4_l2a_Valkaama,1789834926.503,0.1037,4248,10,0,17316649.1,0,2
CONT_s4_l2a_Valkaama,1789834926.607,0.1036,0,0,0,0,0,0
CONT_s4_l2a_Valkaama,1789834926.71,0.1036,0,0,0,0,0,0
CONT_s4_l2a_Valkaama,1789834926.814,0.1035,0,0,0,0,0,0
CONT_s4_l2a_Valkaama,1789834926.918,0.1038,0,0,0,0,0,0
CONT_s4_l2a_Valkaama,1789834927.021,0.1037,0,0,0,0,0,0
CONT_s4_l2a_Valkaama,1789834927.125,0.1036,0,0,0,0,0,0
CONT_s4_l2a_Valkaama,1789834927.229,0.1038,0,0,0,0,0,0
CONT_s4_l2a_Valkaama,1789834927.334,0.1052,24149,26,0,53519337.2,0,2
CONT_s4_l2a_Valkaama,1789834927.438,0.1037,10995,15,0,35025658.2,0,2
CONT_s4_l2a_Valkaama,1789834927.541,0.1036,10678,13,0,23795851.5,0,2
CONT_s4_l2a_Valkaama,1789834927.645,0.1036,10606,12,0,19764378.2,0,2
CONT_s4_l2a_Valkaama,1789834927.748,0.1036,7452,15,0,14566082.3,0,2
CONT_s4_l2a_Valkaama,1789834927.852,0.1036,13221,9,0,16344209.0,0,1
CONT_s4_l2a_Valkaama,1789834927.956,0.1037,4659,7,0,20890305.9,0,2
CONT_s4_l2a_Valkaama,1789834928.059,0.1037,14894,12,0,17261334.3,0,3
CONT_s4_l2a_Valkaama,1789834928.163,0.1037,3439,7,0,22519560.4,0,2
CONT_s4_l2a_Valkaama,1789834928.267,0.1038,16349,14,0,21626956.1,0,2
CONT_s4_l2a_Valkaama,1789834928.37,0.1036,0,0,0,0,0,0
CONT_s4_l2a_Valkaama,1789834928.474,0.1036,19885,22,0,25119373.6,0,2
CONT_s4_l2a_Valkaama,1789834928.578,0.1035,10418,9,0,25329045.4,0,2
CONT_s4_l2a_Valkaama,1789834928.681,0.1036,11945,11,0,26175744.9,0,2
CONT_s4_l2a_Valkaama,1789834928.785,0.1036,2824,9,0,24797445.8,0,2
CONT_s4_l2a_Valkaama,1789834928.889,0.1038,16284,13,0,21710654.5,0,2
CONT_s4_l2a_Valkaama,1789834928.992,0.1037,0,0,0,0,0,0
CONT_s4_l2a_Valkaama,1789834929.096,0.1036,18073,16,0,23440228.7,0,2
CONT_s4_l2a_Valkaama,1789834929.199,0.1036,13284,10,0,22955676.3,0,2
CONT_s4_l2a_Valkaama,1789834929.303,0.1035,11010,15,0,25928105.3,0,2
CONT_s4_l2a_Valkaama,1789834929.407,0.1037,10543,11,0,20516910.4,0,2
CONT_s4_l2a_Valkaama,1789834929.51,0.1036,10613,12,0,18661432.5,0,2
CONT_s4_l2a_Valkaama,1789834929.614,0.1037,9200,12,0,16011462.0,0,2
CONT_s4_l2a_Valkaama,1789834929.718,0.1035,10535,11,0,14926970.4,0,2
CONT_s4_l2a_Valkaama,1789834929.821,0.1035,9470,13,0,14374034.8,0,2
CONT_s4_l2a_Valkaama,1789834929.925,0.1038,12008,12,0,15448213.0,0,2
CONT_s4_l2a_Valkaama,1789834930.029,0.1037,7675,9,0,14951614.3,0,3
CONT_s4_l2a_Valkaama,1789834930.132,0.1036,10875,13,0,15594315.6,0,2
CONT_s4_l2a_Valkaama,1789834930.236,0.1037,12655,15,0,18079270.6,0,2
CONT_s4_l2a_Valkaama,1789834930.34,0.1038,3815,8,0,17086495.5,0,2
CONT_s4_l2a_Valkaama,1789834930.448,0.1082,16348,14,0,19168265.8,0,2
CONT_s4_l2a_Valkaama,1789834930.551,0.1036,0,0,0,0,0,0
CONT_s4_l2a_Valkaama,1789834930.655,0.1035,18073,16,0,20559990.9,0,2
CONT_s4_l2a_Valkaama,1789834930.759,0.1036,13221,9,0,19326604.0,0,1
CONT_s4_l2a_Valkaama,1789834930.862,0.1037,9540,14,0,23758279.5,0,2
CONT_s4_l2a_Valkaama,1789834930.966,0.1036,10607,12,0,19176379.2,0,2
CONT_s4_l2a_Valkaama,1789834931.07,0.1036,10613,12,0,15570241.0,0,2
CONT_s4_l2a_Valkaama,1789834931.173,0.1036,10669,13,0,12313213.6,0,2
CONT_s4_l2a_Valkaama,1789834931.277,0.1036,10661,13,0,11308272.7,0,2
CONT_s4_l2a_Valkaama,1789834931.38,0.1036,9539,14,0,10863303.6,0,2
CONT_s4_l2a_Valkaama,1789834931.484,0.1036,10598,12,0,9498756.6,0,2
CONT_s4_l2a_Valkaama,1789834931.588,0.1036,9129,11,0,10908273.8,0,2
CONT_s4_l2a_Valkaama,1789834931.691,0.1036,10939,14,0,9918697.3,0,2
CONT_s4_l2a_Valkaama,1789834931.795,0.1036,9205,12,0,13157536.5,0,2
CONT_s4_l2a_Valkaama,1789834931.898,0.1037,12065,13,0,14630602.2,0,2
CONT_s4_l2a_Valkaama,1789834932.002,0.1036,10754,11,0,15975899.9,0,2
CONT_s4_l2a_Valkaama,1789834932.106,0.1036,10306,17,0,13223436.2,0,3
CONT_s4_l2a_Valkaama,1789834932.209,0.1036,697,3,0,12449441.7,0,2
CONT_s4_l2a_Valkaama,1789834932.313,0.1036,17880,16,0,16127799.2,0,2
CONT_s4_l2a_Valkaama,1789834932.416,0.1036,0,0,0,0,0,0
CONT_s4_l2a_Valkaama,1789834932.52,0.1037,18192,18,0,18166915.3,0,2
CONT_s4_l2a_Valkaama,1789834932.624,0.1036,14753,11,0,19071362.1,0,2
CONT_s4_l2a_Valkaama,1789834932.727,0.1039,4533,5,0,25603327.0,0,2
CONT_s4_l2a_Valkaama,1789834932.832,0.1044,15412,18,0,24598478.7,0,2
CONT_s4_l2a_Valkaama,1789834932.937,0.1053,6011,6,0,24729083.3,0,2
CONT_s4_l2a_Valkaama,1789834933.041,0.1036,14885,13,0,24750343.8,0,2
CONT_s4_l2a_Valkaama,1789834933.144,0.1036,9003,9,0,26460017.0,0,2
CONT_s4_l2a_Valkaama,1789834933.248,0.1036,7876,10,0,23591381.3,0,2
CONT_s4_l2a_Valkaama,1789834933.352,0.1036,13347,11,0,24652938.8,0,2
CONT_s4_l2a_Valkaama,1789834933.455,0.1039,10472,10,0,24482872.4,0,2
CONT_s4_l2a_Valkaama,1789834933.559,0.1037,9402,12,0,23298465.3,0,2
CONT_s4_l2a_Valkaama,1789834933.663,0.1036,10414,9,0,22840734.1,0,2
CONT_s4_l2a_Valkaama,1789834933.766,0.1036,9200,12,0,23044493.5,0,2
CONT_s4_l2a_Valkaama,1789834933.87,0.1035,12299,13,0,22315360.6,0,2
CONT_s4_l2a_Valkaama,1789834933.974,0.1036,10478,10,0,21458893.4,0,2
CONT_s4_l2a_Valkaama,1789834934.077,0.1037,9280,12,0,17950337.1,0,3
CONT_s4_l2a_Valkaama,1789834934.181,0.1036,10768,16,0,17557548.1,0,2
CONT_s4_l2a_Valkaama,1789834934.284,0.1036,0,0,0,0,0,0
CONT_s4_l2a_Valkaama,1789834934.388,0.1036,17880,16,0,18687676.0,0,2
CONT_s4_l2a_Valkaama,1789834934.492,0.1036,0,0,0,0,0,0
CONT_s4_l2a_Valkaama,1789834934.595,0.1036,19605,18,0,19895098.3,0,2
CONT_s4_l2a_Valkaama,1789834934.699,0.1036,0,0,0,0,0,0
CONT_s4_l2a_Valkaama,1789834934.802,0.1036,19351,17,0,21060747.1,0,2
CONT_s4_l2a_Valkaama,1789834934.906,0.1037,15220,15,0,22595590.0,0,2
CONT_s4_l2a_Valkaama,1789834935.01,0.1036,10617,12,0,28049143.3,0,2
CONT_s4_l2a_Valkaama,1789834935.113,0.1035,10685,13,0,21994794.2,0,2
CONT_s4_l2a_Valkaama,1789834935.217,0.1036,9003,9,0,20350819.7,0,2
CONT_s4_l2a_Valkaama,1789834935.321,0.1036,10948,14,0,18315170.1,0,2
CONT_s4_l2a_Valkaama,1789834935.424,0.1036,10540,11,0,19789985.8,0,2
CONT_s4_l2a_Valkaama,1789834935.528,0.1036,9129,11,0,16565701.5,0,2
CONT_s4_l2a_Valkaama,1789834935.631,0.1035,10936,14,0,17042351.7,0,2
CONT_s4_l2a_Valkaama,1789834935.735,0.1036,10661,13,0,15896825.4,0,2
CONT_s4_l2a_Valkaama,1789834935.839,0.1037,10661,13,0,13877236.0,0,2
CONT_s4_l2a_Valkaama,1789834935.943,0.104,10822,12,0,15857615.0,0,2
CONT_s4_l2a_Valkaama,1789834936.046,0.1038,9270,12,0,13806770.9,0,3
CONT_s4_l2a_Valkaama,1789834936.15,0.1034,10540,11,0,13501409.9,0,2
CONT_s4_l2a_Valkaama,1789834936.254,0.1039,7534,8,0,14260091.2,0,2
CONT_s4_l2a_Valkaama,1789834936.357,0.1035,11826,18,0,12281759.7,0,2
CONT_s4_l2a_Valkaama,1789834936.461,0.1036,0,0,0,0,0,0
CONT_s4_l2a_Valkaama,1789834936.564,0.1036,19412,18,0,15815211.6,0,2
CONT_s4_l2a_Valkaama,1789834936.668,0.1036,13221,9,0,17000441.0,0,1
CONT_s4_l2a_Valkaama,1789834936.772,0.1035,6385,9,0,23083127.4,0,2
CONT_s4_l2a_Valkaama,1789834936.875,0.1036,13542,14,0,24364135.6,0,2
CONT_s4_l2a_Valkaama,1789834936.979,0.1036,6140,8,0,23872203.5,0,2
CONT_s4_l2a_Valkaama,1789834937.082,0.1036,15178,14,0,22655793.6,0,2
CONT_s4_l2a_Valkaama,1789834937.186,0.1035,9011,9,0,23375028.0,0,2
CONT_s4_l2a_Valkaama,1789834937.289,0.1036,10535,11,0,23007701.5,0,2
CONT_s4_l2a_Valkaama,1789834937.393,0.1037,10696,10,0,22935526.0,0,2
CONT_s4_l2a_Valkaama,1789834937.497,0.1036,9003,9,0,23962100.0,0,2
CONT_s4_l2a_Valkaama,1789834937.6,0.1036,7408,6,0,23079170.3,0,2
CONT_s4_l2a_Valkaama,1789834937.704,0.1036,13882,16,0,22042595.3,0,2
CONT_s4_l2a_Valkaama,1789834937.808,0.1036,10541,11,0,23531890.0,0,2
CONT_s4_l2a_Valkaama,1789834937.911,0.1037,7471,7,0,23996321.7,0,2
CONT_s4_l2a_Valkaama,1789834938.015,0.1036,11941,11,0,24733561.9,0,2
CONT_s4_l2a_Valkaama,1789834938.118,0.1036,9368,10,0,21832704.8,0,3
CONT_s4_l2a_Valkaama,1789834938.222,0.1036,7471,7,0,23471978.1,0,2
CONT_s4_l2a_Valkaama,1789834938.325,0.1036,13410,12,0,24247385.2,0,2
CONT_s4_l2a_Valkaama,1789834938.429,0.1038,11815,9,0,25573247.0,0,2
CONT_s4_l2a_Valkaama,1789834938.533,0.1036,7938,11,0,22283044.4,0,2
CONT_s4_l2a_Valkaama,1789834938.636,0.1036,10669,13,0,20817133.2,0,2
CONT_s4_l2a_Valkaama,1789834938.74,0.1036,12012,12,0,21716671.0,0,2
CONT_s4_l2a_Valkaama,1789834938.844,0.1036,7482,12,0,17976336.0,0,2
CONT_s4_l2a_Valkaama,1789834938.949,0.1054,13284,10,0,21308704.1,0,2
CONT_s4_l2a_Valkaama,1789834939.053,0.1035,1532,2,0,23182152.0,0,2
CONT_s4_l2a_Valkaama,1789834939.156,0.1035,19534,17,0,20359502.1,0,2
CONT_s4_l2a_Valkaama,1789834939.26,0.1036,63,1,0,35028107.0,0,1
CONT_s4_l2a_Valkaama,1789834939.364,0.1036,19412,18,0,22579804.7,0,2
CONT_s4_l2a_Valkaama,1789834939.467,0.1036,10283,7,0,20540612.0,0,1
CONT_s4_l2a_Valkaama,1789834939.571,0.1037,9594,15,0,24369676.5,0,2
CONT_s4_l2a_Valkaama,1789834939.674,0.1036,11886,10,0,23855686.8,0,2
CONT_s4_l2a_Valkaama,1789834939.778,0.1036,3134,5,0,26792066.4,0,2
CONT_s4_l2a_Valkaama,1789834939.884,0.1056,16833,18,0,22502292.7,0,2
CONT_s4_l2a_Valkaama,1789834939.987,0.1037,10543,11,0,23216319.8,0,2
CONT_s4_l2a_Valkaama,1789834940.091,0.1036,10554,10,0,21230771.0,0,3
CONT_s4_l2a_Valkaama,1789834940.194,0.1036,7540,8,0,24386188.8,0,2
CONT_s4_l2a_Valkaama,1789834940.298,0.1036,10884,13,0,21014187.8,0,2
CONT_s4_l2a_Valkaama,1789834940.402,0.1037,10541,11,0,20586354.5,0,2
CONT_s4_l2a_Valkaama,1789834940.505,0.1036,10884,13,0,20201422.8,0,3
CONT_s4_l2a_Valkaama,1789834940.609,0.1036,7599,9,0,20450878.7,0,2
CONT_s4_l2a_Valkaama,1789834940.713,0.1036,12693,15,0,18156314.8,0,4
CONT_s4_l2a_Valkaama,1789834940.816,0.1037,11934,11,0,20999831.5,0,3
CONT_s4_l2a_Valkaama,1789834940.92,0.1038,9615,14,0,21303007.3,0,4
CONT_s4_l2a_Valkaama,1789834941.024,0.1038,10864,13,0,22260236.9,0,3
CONT_s4_l2a_Valkaama,1789834941.128,0.1036,8846,10,0,24551684.3,0,4
CONT_s4_l2a_Valkaama,1789834941.231,0.1038,12169,14,0,23401699.6,0,3
CONT_s4_l2a_Valkaama,1789834941.335,0.104,10846,12,0,26169135.7,0,4
CONT_s4_l2a_Valkaama,1789834941.441,0.1054,10646,11,0,37519733.5,0,4
CONT_s4_l2a_Valkaama,1789834941.545,0.1038,8044,11,0,31802079.1,0,4
CONT_s4_l2a_Valkaama,1789834941.648,0.1037,3350,6,0,37301584.7,0,4
CONT_s4_l2a_Valkaama,1789834941.752,0.1037,19388,16,0,37352088.8,0,4
CONT_s4_l2a_Valkaama,1789834941.856,0.1038,9156,9,0,49385035.3,0,2
CONT_s4_l2a_Valkaama,1789834941.96,0.1038,9156,9,0,41970613.3,0,2
CONT_s4_l2a_Valkaama,1789834942.063,0.1038,12349,13,0,32715424.1,0,3
CONT_s4_l2a_Valkaama,1789834942.167,0.1038,9170,10,0,46669696.4,0,4
CONT_s4_l2a_Valkaama,1789834942.271,0.1038,3052,3,0,34603717.3,0,2
CONT_s4_l2a_Valkaama,1789834942.375,0.1038,18048,17,0,52847357.6,0,4
CONT_s4_l2a_Valkaama,1789834942.479,0.1038,6318,8,0,51911199.0,0,2
CONT_s4_l2a_Valkaama,1789834942.582,0.1038,14983,13,0,51532494.8,0,4
CONT_s4_l2a_Valkaama,1789834942.686,0.1038,7589,8,0,52641351.0,0,4
CONT_s4_l2a_Valkaama,1789834942.79,0.1037,10728,13,0,50835870.3,0,4
CONT_s4_l2a_Valkaama,1789834942.894,0.1037,12047,11,0,53411909.5,0,4
CONT_s4_l2a_Valkaama,1789834942.997,0.1038,10915,13,0,49655457.4,0,5
CONT_s4_l2a_Valkaama,1789834943.101,0.1039,7882,10,0,41245998.3,0,2
CONT_s4_l2a_Valkaama,1789834943.205,0.1039,10637,11,0,54221299.7,0,4
CONT_s4_l2a_Valkaama,1789834943.309,0.1038,11941,11,0,37674091.3,0,2
CONT_s4_l2a_Valkaama,1789834943.413,0.1038,10637,11,0,58005508.9,0,4
CONT_s4_l2a_Valkaama,1789834943.517,0.1039,9719,16,0,41528766.0,0,4
CONT_s4_l2a_Valkaama,1789834943.62,0.1038,10462,9,0,47348002.9,0,4
CONT_s4_l2a_Valkaama,1789834943.724,0.1039,9242,11,0,56201597.5,0,4
CONT_s4_l2a_Valkaama,1789834943.83,0.1054,10537,11,0,33209647.4,0,2
CONT_s4_l2a_Valkaama,1789834943.934,0.104,10772,11,0,54914006.9,0,5
CONT_s4_l2a_Valkaama,1789834944.038,0.1038,10586,11,0,46941393.3,0,4
CONT_s4_l2a_Valkaama,1789834944.141,0.1039,9537,12,0,42903162.8,0,5
CONT_s4_l2a_Valkaama,1789834944.245,0.1039,10586,11,0,46533065.1,0,4
CONT_s4_l2a_Valkaama,1789834944.349,0.1039,12122,13,0,43144579.8,0,4
CONT_s4_l2a_Valkaama,1789834944.454,0.105,7708,9,0,65713738.8,0,4
CONT_s4_l2a_Valkaama,1789834944.558,0.104,12073,13,0,31250466.5,0,2
CONT_s4_l2a_Valkaama,1789834944.662,0.1039,10861,11,0,60900944.5,0,4
CONT_s4_l2a_Valkaama,1789834944.766,0.1038,9066,10,0,31444620.6,0,2
CONT_s4_l2a_Valkaama,1789834944.87,0.1038,10637,11,0,64022585.6,0,4
CONT_s4_l2a_Valkaama,1789834944.974,0.1039,10836,12,0,56432057.2,0,5
CONT_s4_l2a_Valkaama,1789834945.078,0.1039,10654,12,0,48905019.8,0,4
CONT_s4_l2a_Valkaama,1789834945.181,0.1038,10532,10,0,51016245.9,0,4
CONT_s4_l2a_Valkaama,1789834945.285,0.104,9339,10,0,51412182.7,0,4
CONT_s4_l2a_Valkaama,1789834945.389,0.104,9117,10,0,49795298.6,0,4
CONT_s4_l2a_Valkaama,1789834945.493,0.1039,12106,12,0,58875078.2,0,4
CONT_s4_l2a_Valkaama,1789834945.597,0.1039,10137,12,0,32327759.3,0,2
CONT_s4_l2a_Valkaama,1789834945.701,0.1039,6402,9,0,64552419.9,0,4
CONT_s4_l2a_Valkaama,1789834945.805,0.1038,13284,10,0,30926906.3,0,2
CONT_s4_l2a_Valkaama,1789834945.909,0.1039,9156,9,0,77256700.0,0,2
CONT_s4_l2a_Valkaama,1789834946.013,0.1039,12406,13,0,54278737.1,0,3
CONT_s4_l2a_Valkaama,1789834946.117,0.1039,9297,10,0,44764776.9,0,3
CONT_s4_l2a_Valkaama,1789834946.221,0.1039,9170,10,0,53208606.8,0,4
CONT_s4_l2a_Valkaama,1789834946.325,0.104,6104,6,0,43432667.0,0,2
CONT_s4_l2a_Valkaama,1789834946.428,0.1039,15062,15,0,57476018.1,0,4
CONT_s4_l2a_Valkaama,1789834946.532,0.1039,9370,11,0,52475504.7,0,4
CONT_s4_l2a_Valkaama,1789834946.637,0.1042,10527,10,0,51944522.2,0,4
CONT_s4_l2a_Valkaama,1789834946.74,0.1039,10593,11,0,52313924.8,0,4
CONT_s4_l2a_Valkaama,1789834946.844,0.1038,12178,13,0,56338337.9,0,4
CONT_s4_l2a_Valkaama,1789834946.95,0.1057,10717,12,0,56184459.2,0,4
CONT_s4_l2a_Valkaama,1789834947.054,0.104,10661,12,0,47251453.6,0,4
CONT_s4_l2a_Valkaama,1789834947.158,0.1038,9457,12,0,45169264.2,0,4
CONT_s4_l2a_Valkaama,1789834947.262,0.1038,9893,13,0,41634212.2,0,4
CONT_s4_l2a_Valkaama,1789834947.365,0.1038,6402,9,0,52409685.8,0,4
CONT_s4_l2a_Valkaama,1789834947.469,0.1039,13284,10,0,29081059.5,0,2
CONT_s4_l2a_Valkaama,1789834947.573,0.1039,12208,12,0,59719474.3,0,2
CONT_s4_l2a_Valkaama,1789834947.677,0.1039,9156,9,0,49589893.0,0,2
CONT_s4_l2a_Valkaama,1789834947.781,0.1038,9156,9,0,42203157.7,0,2
CONT_s4_l2a_Valkaama,1789834947.885,0.1038,12222,13,0,47679089.2,0,4
CONT_s4_l2a_Valkaama,1789834947.989,0.1039,6104,6,0,37137626.7,0,2
CONT_s4_l2a_Valkaama,1789834948.092,0.1039,13734,15,0,55796670.3,0,5
CONT_s4_l2a_Valkaama,1789834948.196,0.1038,10904,13,0,50855840.1,0,4
CONT_s4_l2a_Valkaama,1789834948.3,0.1039,10641,11,0,51978619.0,0,4
CONT_s4_l2a_Valkaama,1789834948.404,0.1041,9009,9,0,46124625.3,0,2
CONT_s4_l2a_Valkaama,1789834948.508,0.1039,12110,12,0,52814303.3,0,4
CONT_s4_l2a_Valkaama,1789834948.612,0.1039,9261,12,0,48081319.6,0,4
CONT_s4_l2a_Valkaama,1789834948.716,0.1038,10877,12,0,44447669.4,0,4
CONT_s4_l2a_Valkaama,1789834948.819,0.1038,10637,11,0,53785532.5,0,4
CONT_s4_l2a_Valkaama,1789834948.923,0.1039,9002,9,0,36363679.0,0,2
CONT_s4_l2a_Valkaama,1789834949.027,0.1039,10574,10,0,57488810.1,0,4
CONT_s4_l2a_Valkaama,1789834949.131,0.1038,10523,10,0,49373827.0,0,4
CONT_s4_l2a_Valkaama,1789834949.235,0.1038,8991,8,0,53172040.9,0,4
CONT_s4_l2a_Valkaama,1789834949.339,0.1038,10804,11,0,49299944.6,0,4
CONT_s4_l2a_Valkaama,1789834949.444,0.1055,12127,13,0,49438090.8,0,4
CONT_s4_l2a_Valkaama,1789834949.548,0.104,7761,10,0,63675607.6,0,4
CONT_s4_l2a_Valkaama,1789834949.652,0.1038,13137,15,0,44021343.6,0,4
CONT_s4_l2a_Valkaama,1789834949.756,0.1039,3351,6,0,57718007.2,0,4
CONT_s4_l2a_Valkaama,1789834949.86,0.1039,14867,12,0,44839898.1,0,4
CONT_s4_l2a_Valkaama,1789834949.964,0.104,12221,13,0,60511978.9,0,4
CONT_s4_l2a_Valkaama,1789834950.068,0.1039,6104,6,0,64259365.0,0,2
CONT_s4_l2a_Valkaama,1789834950.171,0.1039,13798,16,0,39798107.1,0,5
CONT_s4_l2a_Valkaama,1789834950.275,0.1039,10527,10,0,47280562.2,0,4
CONT_s4_l2a_Valkaama,1789834950.379,0.1039,10953,13,0,51728455.2,0,4
CONT_s4_l2a_Valkaama,1789834950.483,0.1039,10413,9,0,37348699.9,0,2
CONT_s4_l2a_Valkaama,1789834950.587,0.1039,9172,10,0,61210323.0,0,4
CONT_s4_l2a_Valkaama,1789834950.691,0.1038,10617,12,0,38689155.7,0,2
CONT_s4_l2a_Valkaama,1789834950.795,0.1039,10914,12,0,58194334.4,0,4
CONT_s4_l2a_Valkaama,1789834950.899,0.104,9244,12,0,46900376.2,0,4
CONT_s4_l2a_Valkaama,1789834951.002,0.1039,10586,11,0,47026449.5,0,4
CONT_s4_l2a_Valkaama,1789834951.106,0.1038,9168,10,0,61394966.4,0,4
CONT_s4_l2a_Valkaama,1789834951.21,0.1038,11940,11,0,32260319.4,0,2
CONT_s4_l2a_Valkaama,1789834951.314,0.1037,6167,7,0,75922559.3,0,3
CONT_s4_l2a_Valkaama,1789834951.418,0.1038,13745,14,0,30374456.1,0,2
CONT_s4_l2a_Valkaama,1789834951.521,0.1038,9238,11,0,63412999.9,0,4
CONT_s4_l2a_Valkaama,1789834951.625,0.1038,10698,12,0,58001472.6,0,4
CONT_s4_l2a_Valkaama,1789834951.73,0.1044,12003,12,0,33817603.0,0,2
CONT_s4_l2a_Valkaama,1789834951.835,0.1051,10044,10,0,65050186.7,0,4
CONT_s4_l2a_Valkaama,1789834951.939,0.1041,9269,11,0,65545178.0,0,4
CONT_s4_l2a_Valkaama,1789834952.043,0.1039,9144,9,0,59591936.0,0,2
CONT_s4_l2a_Valkaama,1789834952.147,0.1038,3141,3,0,35331757.3,0,2
CONT_s4_l2a_Valkaama,1789834952.25,0.1039,0,0,0,0,0,0
CONT_s4_l2a_Valkaama,1789834952.354,0.1039,0,0,0,0,0,0
CONT_s4_l2a_Valkaama,1789834952.458,0.1039,0,0,0,0,0,0
CONT_s4_l2a_Valkaama,1789834952.562,0.1037,0,0,0,0,0,0
CONT_s4_l2a_Valkaama,1789834952.666,0.1037,0,0,0,0,0,0
CONT_s4_l2a_Valkaama,1789834952.769,0.1037,0,0,0,0,0,0
CONT_s4_l2a_Valkaama,1789834952.873,0.1038,18448,17,0,80319886.1,0,2
CONT_s4_l2a_Valkaama,1789834952.977,0.1039,10724,14,0,60158821.0,0,2
CONT_s4_l2a_Valkaama,1789834953.081,0.1038,9385,12,0,40757787.0,0,2
CONT_s4_l2a_Valkaama,1789834953.185,0.1038,10534,11,0,30780899.1,0,2
CONT_s4_l2a_Valkaama,1789834953.289,0.1039,10666,13,0,26402413.5,0,2
CONT_s4_l2a_Valkaama,1789834953.392,0.1038,10759,11,0,24004890.7,0,2
CONT_s4_l2a_Valkaama,1789834953.496,0.1039,7597,9,0,21447119.7,0,2
CONT_s4_l2a_Valkaama,1789834953.6,0.1038,13410,12,0,22000240.5,0,2
CONT_s4_l2a_Valkaama,1789834953.704,0.1039,8797,13,0,17622450.4,0,2
CONT_s4_l2a_Valkaama,1789834953.808,0.1038,63,1,0,18296220.0,0,1
CONT_s4_l2a_Valkaama,1789834953.912,0.104,0,0,0,0,0,0
CONT_s4_l2a_Valkaama,1789834954.016,0.1039,0,0,0,0,0,0
CONT_s4_l2a_Valkaama,1789834954.12,0.1039,141,1,0,4447614.0,0,1
CONT_s4_l2a_Valkaama,1789834954.224,0.1038,0,0,0,0,0,0
CONT_s4_l2a_Valkaama,1789834954.328,0.1042,0,0,0,0,0,0
CONT_s4_l2a_Valkaama,1789834954.432,0.1039,0,0,0,0,0,0
CONT_s4_l2a_Valkaama,1789834954.536,0.1038,0,0,0,0,0,0
CONT_s4_l2a_Valkaama,1789834954.639,0.1038,0,0,0,0,0,0
CONT_s4_l2a_Valkaama,1789834954.743,0.1038,0,0,0,0,0,0
CONT_s4_l2a_Valkaama,1789834954.847,0.1039,0,0,0,0,0,0
CONT_s4_l2a_Valkaama,1789834954.952,0.1054,0,0,0,0,0,0
CONT_s4_l2a_Valkaama,1789834955.056,0.1039,0,0,0,0,0,0
CONT_s4_l2a_Valkaama,1789834955.16,0.1039,0,0,0,0,0,0
CONT_s4_l2a_Valkaama,1789834955.264,0.1038,0,0,0,0,0,0
CONT_s4_l2a_Valkaama,1789834955.368,0.1038,0,0,0,0,0,0
CONT_s4_l2a_Valkaama,1789834955.472,0.1039,0,0,0,0,0,0
CONT_s4_l2a_Valkaama,1789834955.576,0.1039,0,0,0,0,0,0
CONT_s4_l2a_Valkaama,1789834955.679,0.1038,0,0,0,0,0,0
CONT_s4_l2a_Valkaama,1789834955.783,0.1037,0,0,0,0,0,0
CONT_s4_l2a_Valkaama,1789834955.887,0.1039,0,0,0,0,0,0
CONT_s4_l2a_Valkaama,1789834955.991,0.1039,0,0,0,0,0,0
CONT_s4_l2a_Valkaama,1789834956.095,0.1038,0,0,0,0,0,0
CONT_s4_l2a_Valkaama,1789834956.198,0.1038,141,1,0,4221131.0,0,1
CONT_s4_l2a_Valkaama,1789834956.302,0.1038,0,0,0,0,0,0
CONT_s4_l2a_Valkaama,1789834956.406,0.104,0,0,0,0,0,0
CONT_s4_l2a_Valkaama,1789834956.51,0.1039,0,0,0,0,0,0
CONT_s4_l2a_Valkaama,1789834956.614,0.1038,0,0,0,0,0,0
CONT_s4_l2a_Valkaama,1789834956.717,0.1037,0,0,0,0,0,0
CONT_s4_l2a_Valkaama,1789834956.821,0.1037,0,0,0,0,0,0
CONT_s4_l2a_Valkaama,1789834956.925,0.1038,0,0,0,0,0,0
CONT_s4_l2a_Valkaama,1789834957.029,0.1042,0,0,0,0,0,0
CONT_s4_l2a_Valkaama,1789834957.133,0.1038,0,0,0,0,0,0
CONT_s4_l2a_Valkaama,1789834957.237,0.1037,0,0,0,0,0,0
CONT_s4_l2a_Valkaama,1789834957.341,0.1038,27449,26,0,185394528.8,0,2
CONT_s4_l2a_Valkaama,1789834957.447,0.1063,22853,25,0,94347333.0,0,2
CONT_s4_l2a_Valkaama,1789834957.551,0.1041,21345,23,0,50779055.2,0,2
CONT_s4_l2a_Valkaama,1789834957.655,0.1038,19474,19,0,36348778.7,0,2
CONT_s4_l2a_Valkaama,1789834957.759,0.1039,21222,21,0,23447301.2,0,2
CONT_s4_l2a_Valkaama,1789834957.863,0.1039,22350,20,0,19640239.8,0,2
CONT_s4_l2a_Valkaama,1789834957.966,0.1039,18220,18,0,16316897.6,0,2
CONT_s4_l2a_Valkaama,1789834958.07,0.1039,21160,20,0,14016489.2,0,2
CONT_s4_l2a_Valkaama,1789834958.174,0.1037,25694,27,0,13831678.7,0,3
CONT_s4_l2a_Valkaama,1789834958.278,0.1038,15453,23,0,10512775.7,0,2
CONT_s4_l2a_Valkaama,1789834958.382,0.1039,19284,16,0,9145407.9,0,2
CONT_s4_l2a_Valkaama,1789834958.486,0.104,21010,18,0,10091854.5,0,2
CONT_s4_l2a_Valkaama,1789834958.59,0.1038,28434,24,0,10519532.1,0,2
CONT_s4_l2a_Valkaama,1789834958.693,0.1038,17942,17,0,12303677.6,0,2
CONT_s4_l2a_Valkaama,1789834958.797,0.1038,25510,22,0,11749008.6,0,2
CONT_s4_l2a_Valkaama,1789834958.901,0.104,15490,19,0,11836370.6,0,2
CONT_s4_l2a_Valkaama,1789834959.005,0.104,26831,24,0,11440462.8,0,2
CONT_s4_l2a_Valkaama,1789834959.109,0.1039,19758,20,0,10708025.5,0,2
CONT_s4_l2a_Valkaama,1789834959.213,0.1038,22363,20,0,11098864.0,0,2
CONT_s4_l2a_Valkaama,1789834959.317,0.1037,22759,23,0,10851134.1,0,2
CONT_s4_l2a_Valkaama,1789834959.421,0.104,17943,17,0,11220407.7,0,2
CONT_s4_l2a_Valkaama,1789834959.525,0.104,23968,26,0,8983161.8,0,2
CONT_s4_l2a_Valkaama,1789834959.629,0.104,20041,25,0,7830849.8,0,2
CONT_s4_l2a_Valkaama,1789834959.733,0.1044,19421,18,0,9782741.9,0,2
CONT_s4_l2a_Valkaama,1789834959.837,0.104,25703,25,0,10835495.3,0,2
CONT_s4_l2a_Valkaama,1789834959.945,0.1079,20887,19,0,11807732.7,0,2
CONT_s4_l2a_Valkaama,1789834960.049,0.1041,16877,19,0,11220249.4,0,2
CONT_s4_l2a_Valkaama,1789834960.153,0.1039,24293,24,0,10370278.1,0,3
CONT_s4_l2a_Valkaama,1789834960.257,0.1039,20954,20,0,13013012.6,0,2
CONT_s4_l2a_Valkaama,1789834960.361,0.1038,19677,19,0,11780952.6,0,2
CONT_s4_l2a_Valkaama,1789834960.465,0.1039,19286,16,0,12907557.6,0,2
CONT_s4_l2a_Valkaama,1789834960.569,0.104,28035,30,0,11320008.9,0,2
CONT_s4_l2a_Valkaama,1789834960.672,0.1039,21127,20,0,9911617.2,0,2
CONT_s4_l2a_Valkaama,1789834960.776,0.1038,9065,10,0,12523585.2,0,2
CONT_s4_l2a_Valkaama,1789834960.88,0.1038,25622,24,0,10543970.0,0,2
CONT_s4_l2a_Valkaama,1789834960.984,0.104,25426,24,0,12420055.2,0,2
CONT_s4_l2a_Valkaama,1789834961.088,0.1039,25687,25,0,12598826.4,0,2
CONT_s4_l2a_Valkaama,1789834961.192,0.1039,18223,18,0,11541167.6,0,2
CONT_s4_l2a_Valkaama,1789834961.296,0.1039,22295,19,0,12126205.5,0,2
CONT_s4_l2a_Valkaama,1789834961.4,0.104,22629,21,0,11915650.4,0,2
CONT_s4_l2a_Valkaama,1789834961.504,0.104,16486,16,0,11312303.8,0,3
CONT_s4_l2a_Valkaama,1789834961.608,0.1039,24715,24,0,10362761.3,0,4
CONT_s4_l2a_Valkaama,1789834961.712,0.1041,23291,27,0,11630163.7,0,4
CONT_s4_l2a_Valkaama,1789834961.816,0.1041,17341,18,0,12582030.6,0,4
CONT_s4_l2a_Valkaama,1789834961.92,0.1041,22748,22,0,13368914.9,0,4
CONT_s4_l2a_Valkaama,1789834962.025,0.1052,25279,21,0,15072939.4,0,4
CONT_s4_l2a_Valkaama,1789834962.129,0.1042,13943,15,0,16250810.4,0,5
CONT_s4_l2a_Valkaama,1789834962.234,0.1042,28473,26,0,17981552.0,0,4
CONT_s4_l2a_Valkaama,1789834962.338,0.1044,18452,20,0,18315889.9,0,4
CONT_s4_l2a_Valkaama,1789834962.444,0.1064,23927,21,0,19639293.3,0,4
CONT_s4_l2a_Valkaama,1789834962.549,0.1042,22815,23,0,16223303.3,0,4
CONT_s4_l2a_Valkaama,1789834962.653,0.1041,20934,19,0,18061057.4,0,4
CONT_s4_l2a_Valkaama,1789834962.757,0.104,19900,21,0,18787426.4,0,4
CONT_s4_l2a_Valkaama,1789834962.861,0.104,23391,26,0,20203504.7,0,4
CONT_s4_l2a_Valkaama,1789834962.965,0.104,21156,20,0,20505977.0,0,4
CONT_s4_l2a_Valkaama,1789834963.069,0.1042,9199,10,0,31519336.5,0,4
CONT_s4_l2a_Valkaama,1789834963.173,0.104,24241,23,0,22481751.4,0,4
CONT_s4_l2a_Valkaama,1789834963.277,0.104,20868,18,0,18050379.7,0,4
CONT_s4_l2a_Valkaama,1789834963.381,0.104,24415,26,0,17711073.2,0,4
CONT_s4_l2a_Valkaama,1789834963.485,0.1041,28255,23,0,19080687.8,0,4
CONT_s4_l2a_Valkaama,1789834963.589,0.104,13927,15,0,25180565.6,0,4
CONT_s4_l2a_Valkaama,1789834963.693,0.104,22421,20,0,22770814.5,0,4
CONT_s4_l2a_Valkaama,1789834963.797,0.104,22789,23,0,19923947.6,0,4
CONT_s4_l2a_Valkaama,1789834963.901,0.1041,25307,21,0,21435410.9,0,4
CONT_s4_l2a_Valkaama,1789834964.005,0.1041,19970,22,0,20317249.1,0,4
CONT_s4_l2a_Valkaama,1789834964.109,0.1041,22513,21,0,22608601.9,0,4
CONT_s4_l2a_Valkaama,1789834964.213,0.1041,19876,20,0,18265396.2,0,5
CONT_s4_l2a_Valkaama,1789834964.317,0.1042,23858,20,0,23734048.0,0,4
CONT_s4_l2a_Valkaama,1789834964.422,0.1043,19818,19,0,25818450.3,0,4
CONT_s4_l2a_Valkaama,1789834964.526,0.1041,15333,18,0,27974669.4,0,4
CONT_s4_l2a_Valkaama,1789834964.63,0.104,22422,19,0,25469799.5,0,4
CONT_s4_l2a_Valkaama,1789834964.734,0.1041,25828,24,0,25175543.2,0,4
CONT_s4_l2a_Valkaama,1789834964.838,0.1043,20837,17,0,23031985.8,0,4
CONT_s4_l2a_Valkaama,1789834964.945,0.1069,24207,22,0,24923148.7,0,4
CONT_s4_l2a_Valkaama,1789834965.049,0.1043,20805,17,0,21350152.8,0,4
CONT_s4_l2a_Valkaama,1789834965.154,0.1042,21254,20,0,25196624.5,0,4
CONT_s4_l2a_Valkaama,1789834965.258,0.1042,10766,13,0,36613935.4,0,4
CONT_s4_l2a_Valkaama,1789834965.362,0.1042,28607,28,0,26937562.9,0,4
CONT_s4_l2a_Valkaama,1789834965.466,0.1043,22857,23,0,27915182.5,0,4
CONT_s4_l2a_Valkaama,1789834965.57,0.1042,23921,21,0,29362719.8,0,4
CONT_s4_l2a_Valkaama,1789834965.675,0.1041,20053,23,0,29834120.0,0,4
CONT_s4_l2a_Valkaama,1789834965.779,0.1041,21058,20,0,28194482.4,0,4
CONT_s4_l2a_Valkaama,1789834965.883,0.1043,21324,21,0,25615031.0,0,4
CONT_s4_l2a_Valkaama,1789834965.987,0.1043,21046,20,0,26794225.7,0,4
CONT_s4_l2a_Valkaama,1789834966.091,0.1042,22793,22,0,22841887.1,0,4
CONT_s4_l2a_Valkaama,1789834966.196,0.104,22593,21,0,23211535.7,0,5
CONT_s4_l2a_Valkaama,1789834966.3,0.1042,21272,26,0,28316272.4,0,4
CONT_s4_l2a_Valkaama,1789834966.404,0.1043,13026,18,0,29803776.2,0,4
CONT_s4_l2a_Valkaama,1789834966.508,0.1042,20856,17,0,24293392.6,0,4
CONT_s4_l2a_Valkaama,1789834966.612,0.104,25701,24,0,23865346.0,0,4
CONT_s4_l2a_Valkaama,1789834966.716,0.1042,23920,21,0,25865831.5,0,4
CONT_s4_l2a_Valkaama,1789834966.821,0.1041,22797,22,0,25511892.5,0,4
CONT_s4_l2a_Valkaama,1789834966.925,0.1044,21128,22,0,19814898.7,0,4
CONT_s4_l2a_Valkaama,1789834967.029,0.1041,20993,19,0,27603786.9,0,4
CONT_s4_l2a_Valkaama,1789834967.133,0.104,22857,23,0,25382177.8,0,4
CONT_s4_l2a_Valkaama,1789834967.237,0.1041,20805,17,0,21173381.5,0,4
CONT_s4_l2a_Valkaama,1789834967.341,0.104,21803,27,0,30695076.0,0,4
CONT_s4_l2a_Valkaama,1789834967.447,0.1062,22457,20,0,27023882.2,0,4
CONT_s4_l2a_Valkaama,1789834967.552,0.1041,21341,21,0,24576856.9,0,4
CONT_s4_l2a_Valkaama,1789834967.655,0.104,18110,18,0,26122898.7,0,4
CONT_s4_l2a_Valkaama,1789834967.76,0.1041,24271,23,0,24559253.9,0,4
CONT_s4_l2a_Valkaama,1789834967.864,0.1041,20984,19,0,26784327.8,0,4
CONT_s4_l2a_Valkaama,1789834967.968,0.1041,21051,20,0,26275340.9,0,4
CONT_s4_l2a_Valkaama,1789834968.072,0.1042,21341,21,0,23445904.9,0,4
CONT_s4_l2a_Valkaama,1789834968.176,0.104,22588,21,0,21863239.3,0,5
CONT_s4_l2a_Valkaama,1789834968.28,0.1041,13973,16,0,28427202.7,0,4
CONT_s4_l2a_Valkaama,1789834968.384,0.104,23920,21,0,26750315.6,0,4
CONT_s4_l2a_Valkaama,1789834968.488,0.1041,22733,21,0,26970860.3,0,4
CONT_s4_l2a_Valkaama,1789834968.592,0.1041,24183,25,0,24554904.4,0,4
CONT_s4_l2a_Valkaama,1789834968.696,0.104,21059,20,0,26346223.0,0,4
CONT_s4_l2a_Valkaama,1789834968.8,0.1041,21388,22,0,24782269.8,0,4
CONT_s4_l2a_Valkaama,1789834968.905,0.1041,20868,18,0,19328253.1,0,4
CONT_s4_l2a_Valkaama,1789834969.009,0.1041,23165,26,0,29252277.3,0,4
CONT_s4_l2a_Valkaama,1789834969.113,0.1041,21046,20,0,26209222.0,0,4
CONT_s4_l2a_Valkaama,1789834969.217,0.1041,21392,22,0,21877722.5,0,4
CONT_s4_l2a_Valkaama,1789834969.321,0.1041,20982,19,0,23057071.2,0,4
CONT_s4_l2a_Valkaama,1789834969.425,0.1041,21205,20,0,16593826.7,0,4
CONT_s4_l2a_Valkaama,1789834969.529,0.1041,15107,15,0,25858409.0,0,4
CONT_s4_l2a_Valkaama,1789834969.633,0.1041,27456,29,0,19339558.1,0,4
CONT_s4_l2a_Valkaama,1789834969.737,0.1042,22578,22,0,21613645.9,0,4
CONT_s4_l2a_Valkaama,1789834969.842,0.1043,13701,15,0,25369748.9,0,4
CONT_s4_l2a_Valkaama,1789834969.947,0.1056,28989,34,0,23855328.2,0,4
CONT_s4_l2a_Valkaama,1789834970.051,0.104,20805,17,0,18775810.0,0,4
CONT_s4_l2a_Valkaama,1789834970.155,0.104,22592,21,0,23618722.3,0,5
CONT_s4_l2a_Valkaama,1789834970.26,0.1043,21325,22,0,19385449.8,0,4
CONT_s4_l2a_Valkaama,1789834970.364,0.1041,21125,21,0,23917302.0,0,4
CONT_s4_l2a_Valkaama,1789834970.468,0.1041,18443,20,0,25840301.5,0,5
CONT_s4_l2a_Valkaama,1789834970.572,0.1042,24510,22,0,19394236.8,0,5
CONT_s4_l2a_Valkaama,1789834970.676,0.1042,21692,24,0,13210977.7,0,4
CONT_s4_l2a_Valkaama,1789834970.781,0.1043,20862,25,0,14824290.4,0,4
CONT_s4_l2a_Valkaama,1789834970.885,0.1044,21053,20,0,15528184.2,0,4
CONT_s4_l2a_Valkaama,1789834970.989,0.1042,22463,20,0,16758750.4,0,4
CONT_s4_l2a_Valkaama,1789834971.094,0.1043,16920,18,0,18388718.1,0,4
CONT_s4_l2a_Valkaama,1789834971.198,0.1042,23984,22,0,19550381.4,0,4
CONT_s4_l2a_Valkaama,1789834971.302,0.1042,22850,23,0,20543320.5,0,4
CONT_s4_l2a_Valkaama,1789834971.406,0.1045,18242,20,0,23120862.1,0,4
CONT_s4_l2a_Valkaama,1789834971.511,0.1043,20993,19,0,23978138.3,0,4
CONT_s4_l2a_Valkaama,1789834971.615,0.104,21326,21,0,23036231.6,0,4
CONT_s4_l2a_Valkaama,1789834971.719,0.1043,22451,20,0,24952663.4,0,4
CONT_s4_l2a_Valkaama,1789834971.823,0.1042,24202,22,0,23979768.0,0,4
CONT_s4_l2a_Valkaama,1789834971.928,0.1044,19451,17,0,25688314.5,0,4
CONT_s4_l2a_Valkaama,1789834972.032,0.1043,22984,25,0,24443212.4,0,4
CONT_s4_l2a_Valkaama,1789834972.136,0.1043,20994,19,0,27525651.8,0,4
CONT_s4_l2a_Valkaama,1789834972.24,0.1043,22945,23,0,25463165.8,0,5
CONT_s4_l2a_Valkaama,1789834972.345,0.1042,20920,18,0,26979495.1,0,4
CONT_s4_l2a_Valkaama,1789834972.45,0.1053,22338,19,0,21677514.4,0,4
CONT_s4_l2a_Valkaama,1789834972.554,0.1043,21281,21,0,20103402.7,0,4
CONT_s4_l2a_Valkaama,1789834972.658,0.1042,20989,19,0,27213384.3,0,4
CONT_s4_l2a_Valkaama,1789834972.763,0.1043,12575,15,0,37753242.0,0,4
CONT_s4_l2a_Valkaama,1789834972.867,0.1043,22454,20,0,26304939.8,0,4
CONT_s4_l2a_Valkaama,1789834972.971,0.1043,24207,22,0,24121305.7,0,4
CONT_s4_l2a_Valkaama,1789834973.076,0.1043,23922,21,0,24893170.6,0,4
CONT_s4_l2a_Valkaama,1789834973.18,0.1042,22923,24,0,24077138.4,0,4
CONT_s4_l2a_Valkaama,1789834973.284,0.1042,22598,22,0,26065097.2,0,4
CONT_s4_l2a_Valkaama,1789834973.388,0.1042,17990,16,0,29003235.2,0,4
CONT_s4_l2a_Valkaama,1789834973.493,0.1043,24208,22,0,26131688.7,0,4
CONT_s4_l2a_Valkaama,1789834973.597,0.1042,22275,18,0,22706179.0,0,4
CONT_s4_l2a_Valkaama,1789834973.701,0.1043,14153,18,0,34464917.6,0,4
CONT_s4_l2a_Valkaama,1789834973.805,0.1042,26283,27,0,26476211.7,0,4
CONT_s4_l2a_Valkaama,1789834973.91,0.1045,21207,21,0,26312241.8,0,4
CONT_s4_l2a_Valkaama,1789834974.014,0.1044,23919,20,0,29969585.9,0,4
CONT_s4_l2a_Valkaama,1789834974.118,0.1043,21180,20,0,19866387.6,0,4
CONT_s4_l2a_Valkaama,1789834974.223,0.1042,10841,13,0,32848481.5,0,5
CONT_s4_l2a_Valkaama,1789834974.327,0.1043,22733,21,0,27142021.0,0,4
CONT_s4_l2a_Valkaama,1789834974.431,0.1044,27125,27,0,26281491.9,0,4
CONT_s4_l2a_Valkaama,1789834974.536,0.1043,21328,21,0,26675338.6,0,4
CONT_s4_l2a_Valkaama,1789834974.64,0.1043,22451,20,0,28257876.9,0,4
CONT_s4_l2a_Valkaama,1789834974.744,0.1043,24139,21,0,27904996.1,0,4
CONT_s4_l2a_Valkaama,1789834974.848,0.1042,16870,19,0,37260210.5,0,4
CONT_s4_l2a_Valkaama,1789834974.954,0.1052,21116,21,0,27572850.3,0,4
CONT_s4_l2a_Valkaama,1789834975.058,0.1043,21340,21,0,24572296.0,0,4
CONT_s4_l2a_Valkaama,1789834975.162,0.1042,22453,20,0,24725916.1,0,4
CONT_s4_l2a_Valkaama,1789834975.266,0.1043,24208,22,0,23598048.8,0,4
CONT_s4_l2a_Valkaama,1789834975.371,0.1043,15045,14,0,27801512.9,0,4
CONT_s4_l2a_Valkaama,1789834975.475,0.1043,25652,26,0,22552711.6,0,4
CONT_s4_l2a_Valkaama,1789834975.579,0.1045,21340,21,0,22908999.5,0,4
CONT_s4_l2a_Valkaama,1789834975.684,0.1042,25556,24,0,26836559.2,0,5
CONT_s4_l2a_Valkaama,1789834975.788,0.1044,21786,21,0,16270666.6,0,5
CONT_s4_l2a_Valkaama,1789834975.892,0.1044,16936,19,0,13201395.6,0,4
CONT_s4_l2a_Valkaama,1789834975.997,0.1044,24952,24,0,14759476.7,0,4
CONT_s4_l2a_Valkaama,1789834976.101,0.1044,18124,19,0,15490703.8,0,4
CONT_s4_l2a_Valkaama,1789834976.206,0.1044,26245,29,0,20871292.4,0,5
CONT_s4_l2a_Valkaama,1789834976.31,0.1044,20982,19,0,20532225.7,0,4
CONT_s4_l2a_Valkaama,1789834976.415,0.1046,21267,21,0,16193535.8,0,4
CONT_s4_l2a_Valkaama,1789834976.519,0.1044,19337,16,0,16273734.3,0,4
CONT_s4_l2a_Valkaama,1789834976.624,0.1045,22916,24,0,19207512.0,0,4
CONT_s4_l2a_Valkaama,1789834976.728,0.1044,21121,21,0,22168089.4,0,4
CONT_s4_l2a_Valkaama,1789834976.834,0.1063,21048,20,0,22629537.5,0,4
CONT_s4_l2a_Valkaama,1789834976.939,0.1051,22856,23,0,21274671.7,0,4
CONT_s4_l2a_Valkaama,1789834977.044,0.1044,19576,19,0,24352966.1,0,4
CONT_s4_l2a_Valkaama,1789834977.148,0.1043,21528,24,0,22593436.6,0,4
CONT_s4_l2a_Valkaama,1789834977.252,0.1044,23516,26,0,25024927.9,0,4
CONT_s4_l2a_Valkaama,1789834977.357,0.1044,21219,21,0,23481138.8,0,4
CONT_s4_l2a_Valkaama,1789834977.461,0.1044,22388,19,0,25744601.7,0,4
CONT_s4_l2a_Valkaama,1789834977.566,0.1045,21179,20,0,18589128.2,0,4
CONT_s4_l2a_Valkaama,1789834977.67,0.1044,9105,9,0,39104199.1,0,4
CONT_s4_l2a_Valkaama,1789834977.775,0.1045,22733,21,0,26872824.7,0,4
CONT_s4_l2a_Valkaama,1789834977.879,0.1047,27120,27,0,25509716.7,0,4
CONT_s4_l2a_Valkaama,1789834977.984,0.1044,21395,22,0,26155431.4,0,4
CONT_s4_l2a_Valkaama,1789834978.088,0.1044,22515,21,0,25750155.4,0,4
CONT_s4_l2a_Valkaama,1789834978.192,0.1043,24412,24,0,23531779.0,0,5
CONT_s4_l2a_Valkaama,1789834978.297,0.1043,21229,22,0,28297082.7,0,4
CONT_s4_l2a_Valkaama,1789834978.402,0.1047,22642,22,0,27051602.4,0,4
CONT_s4_l2a_Valkaama,1789834978.506,0.1044,21399,22,0,22193281.0,0,4
CONT_s4_l2a_Valkaama,1789834978.61,0.1043,22452,20,0,22827584.4,0,4
CONT_s4_l2a_Valkaama,1789834978.715,0.1044,18395,19,0,23817349.5,0,4
CONT_s4_l2a_Valkaama,1789834978.819,0.1046,19709,21,0,23446144.0,0,4
CONT_s4_l2a_Valkaama,1789834978.924,0.1046,25751,24,0,21824740.8,0,4
CONT_s4_l2a_Valkaama,1789834979.028,0.1044,20920,18,0,24124257.1,0,4
CONT_s4_l2a_Valkaama,1789834979.132,0.1044,22452,20,0,22288582.8,0,4
CONT_s4_l2a_Valkaama,1789834979.237,0.1046,14037,17,0,25115444.6,0,4
CONT_s4_l2a_Valkaama,1789834979.341,0.1043,25451,23,0,24106277.5,0,4
CONT_s4_l2a_Valkaama,1789834979.448,0.1067,21255,20,0,24108996.8,0,4
CONT_s4_l2a_Valkaama,1789834979.553,0.1045,24183,25,0,25419833.9,0,4
CONT_s4_l2a_Valkaama,1789834979.657,0.1044,22912,24,0,24970527.1,0,4
CONT_s4_l2a_Valkaama,1789834979.761,0.1043,19462,18,0,21372188.6,0,4
CONT_s4_l2a_Valkaama,1789834979.866,0.1044,21383,22,0,24247166.4,0,4
CONT_s4_l2a_Valkaama,1789834979.97,0.1044,24121,23,0,25981366.1,0,4
CONT_s4_l2a_Valkaama,1789834980.074,0.1045,21101,21,0,26556626.1,0,4
CONT_s4_l2a_Valkaama,1789834980.179,0.1044,19686,18,0,20419683.1,0,4
CONT_s4_l2a_Valkaama,1789834980.283,0.1045,21009,19,0,20373475.1,0,5
CONT_s4_l2a_Valkaama,1789834980.388,0.1043,18730,24,0,33099804.3,0,4
CONT_s4_l2a_Valkaama,1789834980.492,0.1044,23984,22,0,24591449.9,0,4
CONT_s4_l2a_Valkaama,1789834980.597,0.1044,24443,26,0,22824989.2,0,4
CONT_s4_l2a_Valkaama,1789834980.701,0.1044,21060,20,0,26020345.0,0,4
CONT_s4_l2a_Valkaama,1789834980.805,0.1045,21066,20,0,25613552.2,0,4
CONT_s4_l2a_Valkaama,1789834980.91,0.1043,18338,18,0,26499484.3,0,4
CONT_s4_l2a_Valkaama,1789834981.014,0.1044,23920,21,0,25301997.1,0,4
CONT_s4_l2a_Valkaama,1789834981.119,0.1044,21465,23,0,24332443.3,0,4
CONT_s4_l2a_Valkaama,1789834981.223,0.1046,21053,20,0,24168317.5,0,4
CONT_s4_l2a_Valkaama,1789834981.328,0.105,21270,20,0,23109491.8,0,4
CONT_s4_l2a_Valkaama,1789834981.433,0.1051,22528,21,0,23691898.0,0,4
CONT_s4_l2a_Valkaama,1789834981.538,0.1043,22803,22,0,23434646.6,0,4
CONT_s4_l2a_Valkaama,1789834981.642,0.1044,16819,19,0,27613939.1,0,4
CONT_s4_l2a_Valkaama,1789834981.746,0.1044,19520,18,0,24502641.1,0,4
CONT_s4_l2a_Valkaama,1789834981.851,0.1045,953486,746,0,1307902.5,0,4
CONT_s4_l2a_Valkaama,1789834981.956,0.1048,14658,20,0,1718576.0,0,2
CONT_s4_l2a_Valkaama,1789834982.06,0.1043,15226,15,0,17865130.9,0,4
CONT_s4_l2a_Valkaama,1789834982.164,0.1044,15666,18,0,23419149.5,0,4
CONT_s4_l2a_Valkaama,1789834982.269,0.1044,12287,14,0,32207734.9,0,5
CONT_s4_l2a_Valkaama,1789834982.373,0.1044,13555,13,0,32314709.8,0,4
CONT_s4_l2a_Valkaama,1789834982.478,0.1046,16512,14,0,28941260.4,0,4
CONT_s4_l2a_Valkaama,1789834982.582,0.1045,13700,14,0,33175707.6,0,4
CONT_s4_l2a_Valkaama,1789834982.687,0.1045,15360,16,0,31053041.6,0,4
CONT_s4_l2a_Valkaama,1789834982.791,0.1044,16768,18,0,34383585.9,0,4
CONT_s4_l2a_Valkaama,1789834982.896,0.1045,15035,14,0,33156856.7,0,4
CONT_s4_l2a_Valkaama,1789834983.0,0.1044,15108,14,0,36297564.4,0,4
CONT_s4_l2a_Valkaama,1789834983.104,0.1044,14051,16,0,36614730.2,0,4
CONT_s4_l2a_Valkaama,1789834983.209,0.1044,12004,12,0,27829128.7,0,2
CONT_s4_l2a_Valkaama,1789834983.313,0.1044,18238,19,0,34894820.4,0,4
CONT_s4_l2a_Valkaama,1789834983.418,0.1045,12174,12,0,38689641.5,0,4
CONT_s4_l2a_Valkaama,1789834983.522,0.1044,12179,12,0,36557432.5,0,4
CONT_s4_l2a_Valkaama,1789834983.626,0.1043,19867,19,0,35982038.4,0,4
CONT_s4_l2a_Valkaama,1789834983.731,0.1045,11941,11,0,33253858.6,0,2
CONT_s4_l2a_Valkaama,1789834983.836,0.1047,13703,14,0,40544727.0,0,4
CONT_s4_l2a_Valkaama,1789834983.94,0.1045,13640,13,0,40121981.3,0,4
CONT_s4_l2a_Valkaama,1789834984.044,0.1044,19864,19,0,38489814.8,0,4
CONT_s4_l2a_Valkaama,1789834984.149,0.1045,12027,11,0,37582963.2,0,4
CONT_s4_l2a_Valkaama,1789834984.253,0.1044,13782,14,0,37834500.7,0,5
CONT_s4_l2a_Valkaama,1789834984.358,0.1043,18266,18,0,37738511.0,0,4
CONT_s4_l2a_Valkaama,1789834984.462,0.1044,13615,14,0,37344031.5,0,4
CONT_s4_l2a_Valkaama,1789834984.566,0.1045,15360,16,0,31630143.8,0,4
CONT_s4_l2a_Valkaama,1789834984.671,0.1045,10699,11,0,39099410.4,0,4
CONT_s4_l2a_Valkaama,1789834984.775,0.1044,19460,16,0,32002682.9,0,4
CONT_s4_l2a_Valkaama,1789834984.88,0.1044,13754,15,0,37593670.2,0,4
CONT_s4_l2a_Valkaama,1789834984.984,0.1044,15092,15,0,33874806.3,0,4
CONT_s4_l2a_Valkaama,1789834985.088,0.1044,15316,15,0,31933717.9,0,4
CONT_s4_l2a_Valkaama,1789834985.193,0.1044,12233,13,0,39364116.8,0,4
CONT_s4_l2a_Valkaama,1789834985.297,0.1045,16640,16,0,37691165.2,0,4
CONT_s4_l2a_Valkaama,1789834985.402,0.1043,13704,14,0,36797357.1,0,4
CONT_s4_l2a_Valkaama,1789834985.506,0.1044,13626,14,0,34731512.1,0,4
CONT_s4_l2a_Valkaama,1789834985.61,0.1044,15370,16,0,31795802.1,0,4
CONT_s4_l2a_Valkaama,1789834985.715,0.1044,16514,14,0,37876410.4,0,4
CONT_s4_l2a_Valkaama,1789834985.819,0.1044,13646,13,0,39540856.2,0,4
CONT_s4_l2a_Valkaama,1789834985.924,0.1045,12218,14,0,37154919.1,0,4
CONT_s4_l2a_Valkaama,1789834986.028,0.1043,15028,14,0,34723270.3,0,4
CONT_s4_l2a_Valkaama,1789834986.133,0.1044,13929,14,0,38681030.0,0,4
CONT_s4_l2a_Valkaama,1789834986.237,0.1045,16720,16,0,36146513.7,0,5
CONT_s4_l2a_Valkaama,1789834986.341,0.1043,17362,20,0,36197822.7,0,4
CONT_s4_l2a_Valkaama,1789834986.448,0.1063,11815,9,0,25231048.1,0,2
CONT_s4_l2a_Valkaama,1789834986.552,0.1045,18156,15,0,38734663.4,0,2
CONT_s4_l2a_Valkaama,1789834986.656,0.1044,13708,13,0,33199578.1,0,2
CONT_s4_l2a_Valkaama,1789834986.761,0.1045,15289,16,0,28311731.6,0,5
CONT_s4_l2a_Valkaama,1789834986.865,0.1044,11214,11,0,24968545.8,0,5
CONT_s4_l2a_Valkaama,1789834986.97,0.1045,15601,20,0,37227832.4,0,4
CONT_s4_l2a_Valkaama,1789834987.075,0.1047,16169,18,0,26850681.1,0,4
CONT_s4_l2a_Valkaama,1789834987.179,0.1046,16402,14,0,30759080.2,0,4
CONT_s4_l2a_Valkaama,1789834987.284,0.1046,6055,6,0,31963550.2,0,4
CONT_s4_l2a_Valkaama,1789834987.388,0.1045,24205,21,0,32536877.8,0,4
CONT_s4_l2a_Valkaama,1789834987.493,0.1045,12278,14,0,34571159.9,0,4
CONT_s4_l2a_Valkaama,1789834987.597,0.1046,15008,14,0,35467379.4,0,4
CONT_s4_l2a_Valkaama,1789834987.702,0.1046,16459,15,0,30638260.7,0,4
CONT_s4_l2a_Valkaama,1789834987.806,0.1046,12568,16,0,36016018.9,0,4
CONT_s4_l2a_Valkaama,1789834987.911,0.1047,16450,14,0,36188584.9,0,4
CONT_s4_l2a_Valkaama,1789834988.016,0.1045,13718,16,0,32207306.6,0,4
CONT_s4_l2a_Valkaama,1789834988.12,0.1045,14998,14,0,31255673.1,0,4
CONT_s4_l2a_Valkaama,1789834988.225,0.1046,14056,16,0,34646867.9,0,5
CONT_s4_l2a_Valkaama,1789834988.331,0.1062,13584,13,0,40245002.8,0,4
CONT_s4_l2a_Valkaama,1789834988.435,0.1045,16515,15,0,38351934.5,0,4
CONT_s4_l2a_Valkaama,1789834988.54,0.1046,15166,14,0,23840056.4,0,2
CONT_s4_l2a_Valkaama,1789834988.645,0.1045,16706,18,0,37361012.8,0,4
CONT_s4_l2a_Valkaama,1789834988.749,0.1046,10576,10,0,48219367.6,0,4
CONT_s4_l2a_Valkaama,1789834988.854,0.1045,17921,15,0,42077842.5,0,4
CONT_s4_l2a_Valkaama,1789834988.958,0.1045,13980,16,0,38966824.6,0,4
CONT_s4_l2a_Valkaama,1789834989.063,0.1047,14820,12,0,25638496.2,0,2
CONT_s4_l2a_Valkaama,1789834989.167,0.1045,15053,14,0,43685457.6,0,4
CONT_s4_l2a_Valkaama,1789834989.272,0.1045,9725,16,0,41028133.0,0,4
CONT_s4_l2a_Valkaama,1789834989.376,0.1045,20920,18,0,37289604.9,0,4
CONT_s4_l2a_Valkaama,1789834989.481,0.1045,14946,14,0,25865729.1,0,2
CONT_s4_l2a_Valkaama,1789834989.585,0.1046,9563,13,0,48569697.8,0,4
CONT_s4_l2a_Valkaama,1789834989.69,0.1045,19525,18,0,42058458.7,0,4
CONT_s4_l2a_Valkaama,1789834989.794,0.1045,13469,12,0,37677648.8,0,4
CONT_s4_l2a_Valkaama,1789834989.899,0.1047,15274,15,0,32808879.3,0,4
CONT_s4_l2a_Valkaama,1789834990.004,0.1046,12324,15,0,45338628.5,0,4
CONT_s4_l2a_Valkaama,1789834990.108,0.1045,18110,18,0,40241850.9,0,4
CONT_s4_l2a_Valkaama,1789834990.213,0.1045,14981,13,0,44858549.9,0,4
CONT_s4_l2a_Valkaama,1789834990.317,0.1046,12481,15,0,21281818.7,0,3
CONT_s4_l2a_Valkaama,1789834990.422,0.1047,16576,16,0,40057895.6,0,4
CONT_s4_l2a_Valkaama,1789834990.527,0.1045,15107,15,0,42573820.0,0,4
CONT_s4_l2a_Valkaama,1789834990.631,0.1045,15645,20,0,35139425.8,0,4
CONT_s4_l2a_Valkaama,1789834990.736,0.1046,13763,16,0,37285744.1,0,4
CONT_s4_l2a_Valkaama,1789834990.84,0.1044,15055,15,0,29340698.2,0,4
CONT_s4_l2a_Valkaama,1789834990.945,0.105,14930,13,0,32223628.2,0,4
CONT_s4_l2a_Valkaama,1789834991.05,0.1045,12568,16,0,39084951.8,0,4
CONT_s4_l2a_Valkaama,1789834991.154,0.1045,16581,16,0,38546647.0,0,4
CONT_s4_l2a_Valkaama,1789834991.259,0.1048,14129,18,0,27571244.8,0,4
CONT_s4_l2a_Valkaama,1789834991.363,0.1045,14371,17,0,43188769.8,0,4
CONT_s4_l2a_Valkaama,1789834991.468,0.1045,16336,13,0,30274089.0,0,4
CONT_s4_l2a_Valkaama,1789834991.573,0.1047,3052,3,0,63680981.0,0,2
CONT_s4_l2a_Valkaama,1789834991.677,0.1045,27044,23,0,33176769.5,0,4
CONT_s4_l2a_Valkaama,1789834991.782,0.1045,12055,12,0,35201457.2,0,4
CONT_s4_l2a_Valkaama,1789834991.886,0.1045,15304,18,0,39753393.9,0,4
CONT_s4_l2a_Valkaama,1789834991.991,0.1046,14933,13,0,33610168.9,0,4
CONT_s4_l2a_Valkaama,1789834992.095,0.1044,10912,12,0,44949057.1,0,4
CONT_s4_l2a_Valkaama,1789834992.2,0.1046,19455,17,0,40463032.1,0,4
CONT_s4_l2a_Valkaama,1789834992.304,0.1046,13676,14,0,33900415.4,0,5
CONT_s4_l2a_Valkaama,1789834992.409,0.1047,13801,14,0,33028862.1,0,4
CONT_s4_l2a_Valkaama,1789834992.513,0.1046,15236,17,0,42121175.4,0,4
CONT_s4_l2a_Valkaama,1789834992.618,0.1046,12346,16,0,40573878.9,0,5
CONT_s4_l2a_Valkaama,1789834992.723,0.1047,17032,16,0,25122462.2,0,5
CONT_s4_l2a_Valkaama,1789834992.827,0.1047,17218,20,0,16973735.6,0,4
CONT_s4_l2a_Valkaama,1789834992.932,0.1048,16224,12,0,18296043.6,0,2
CONT_s4_l2a_Valkaama,1789834993.037,0.1047,13207,16,0,20158881.9,0,4
CONT_s4_l2a_Valkaama,1789834993.141,0.1045,11931,10,0,22746886.8,0,4
CONT_s4_l2a_Valkaama,1789834993.246,0.1048,10413,9,0,21732868.8,0,2
CONT_s4_l2a_Valkaama,1789834993.351,0.1046,23313,25,0,27179946.3,0,4
CONT_s4_l2a_Valkaama,1789834993.456,0.1047,11857,18,0,29448859.7,0,4
CONT_s4_l2a_Valkaama,1789834993.56,0.1045,17836,14,0,25265041.7,0,4
CONT_s4_l2a_Valkaama,1789834993.665,0.1047,3052,3,0,37598044.0,0,2
CONT_s4_l2a_Valkaama,1789834993.769,0.1047,24118,24,0,31825272.7,0,4
CONT_s4_l2a_Valkaama,1789834993.874,0.1046,16860,17,0,32329494.2,0,4
CONT_s4_l2a_Valkaama,1789834993.979,0.1047,13416,12,0,25531086.5,0,2
CONT_s4_l2a_Valkaama,1789834994.084,0.1048,12110,12,0,39236749.8,0,4
CONT_s4_l2a_Valkaama,1789834994.188,0.1047,18268,17,0,35914971.0,0,4
CONT_s4_l2a_Valkaama,1789834994.293,0.1047,12388,15,0,36647221.2,0,5
CONT_s4_l2a_Valkaama,1789834994.398,0.1048,18178,19,0,35260174.2,0,4
CONT_s4_l2a_Valkaama,1789834994.503,0.1049,12232,14,0,38138883.0,0,4
CONT_s4_l2a_Valkaama,1789834994.607,0.1047,15392,17,0,27278859.2,0,4
CONT_s4_l2a_Valkaama,1789834994.712,0.1048,16462,15,0,27229830.4,0,4
CONT_s4_l2a_Valkaama,1789834994.817,0.1047,15640,20,0,32254772.2,0,4
CONT_s4_l2a_Valkaama,1789834994.922,0.1048,13698,15,0,36578148.0,0,4
CONT_s4_l2a_Valkaama,1789834995.026,0.1047,15170,16,0,35879465.0,0,4
CONT_s4_l2a_Valkaama,1789834995.131,0.1047,13586,14,0,29735375.1,0,4
CONT_s4_l2a_Valkaama,1789834995.236,0.1047,10586,11,0,33521687.9,0,4
CONT_s4_l2a_Valkaama,1789834995.34,0.1046,21265,20,0,34339332.5,0,4
CONT_s4_l2a_Valkaama,1789834995.447,0.1063,13768,16,0,38502502.6,0,4
CONT_s4_l2a_Valkaama,1789834995.551,0.1048,13575,13,0,41471205.8,0,4
CONT_s4_l2a_Valkaama,1789834995.656,0.1047,10637,11,0,44442395.5,0,4
CONT_s4_l2a_Valkaama,1789834995.761,0.1047,19867,20,0,36366429.9,0,4
CONT_s4_l2a_Valkaama,1789834995.866,0.1047,9809,14,0,40638427.6,0,4
CONT_s4_l2a_Valkaama,1789834995.97,0.1047,20920,18,0,35732656.9,0,4
CONT_s4_l2a_Valkaama,1789834996.075,0.1048,15174,16,0,37682717.2,0,4
CONT_s4_l2a_Valkaama,1789834996.18,0.1047,15113,15,0,37911028.2,0,4
CONT_s4_l2a_Valkaama,1789834996.284,0.1047,11158,15,0,35108839.5,0,5
CONT_s4_l2a_Valkaama,1789834996.389,0.1046,18002,17,0,30666679.8,0,4
CONT_s4_l2a_Valkaama,1789834996.494,0.1047,13464,12,0,33930779.2,0,4
CONT_s4_l2a_Valkaama,1789834996.599,0.1049,16938,18,0,35538010.9,0,4
CONT_s4_l2a_Valkaama,1789834996.703,0.1047,12233,14,0,39522097.1,0,4
CONT_s4_l2a_Valkaama,1789834996.808,0.1047,13575,13,0,41089113.6,0,4
CONT_s4_l2a_Valkaama,1789834996.913,0.1049,17982,16,0,37183064.0,0,4
CONT_s4_l2a_Valkaama,1789834997.018,0.1047,15215,15,0,19890614.4,0,2
CONT_s4_l2a_Valkaama,1789834997.122,0.1047,10700,12,0,43838555.8,0,4
CONT_s4_l2a_Valkaama,1789834997.227,0.1047,16778,19,0,35968693.9,0,4
CONT_s4_l2a_Valkaama,1789834997.334,0.1074,16958,20,0,33916274.8,0,4
CONT_s4_l2a_Valkaama,1789834997.439,0.1046,6403,9,0,44810528.6,0,4
CONT_s4_l2a_Valkaama,1789834997.544,0.1047,17919,15,0,35110555.8,0,4
CONT_s4_l2a_Valkaama,1789834997.648,0.1047,19388,16,0,35911844.5,0,4
CONT_s4_l2a_Valkaama,1789834997.753,0.1047,13659,13,0,21600618.2,0,2
CONT_s4_l2a_Valkaama,1789834997.858,0.1046,16807,18,0,47154946.1,0,4
CONT_s4_l2a_Valkaama,1789834997.963,0.1047,14998,14,0,35047112.4,0,4
CONT_s4_l2a_Valkaama,1789834998.067,0.1048,11996,11,0,34054338.9,0,4
CONT_s4_l2a_Valkaama,1789834998.172,0.1047,10923,12,0,43313976.2,0,4
CONT_s4_l2a_Valkaama,1789834998.277,0.1047,21130,20,0,33581102.2,0,5
CONT_s4_l2a_Valkaama,1789834998.381,0.1046,15054,14,0,38279422.1,0,4
CONT_s4_l2a_Valkaama,1789834998.486,0.1047,14177,19,0,33380447.6,0,4
CONT_s4_l2a_Valkaama,1789834998.591,0.1047,13587,14,0,30524998.4,0,4
CONT_s4_l2a_Valkaama,1789834998.695,0.1048,16462,15,0,30226794.5,0,4
CONT_s4_l2a_Valkaama,1789834998.801,0.105,10700,12,0,43770539.2,0,4
CONT_s4_l2a_Valkaama,1789834998.905,0.1048,16972,19,0,37295761.7,0,4
CONT_s4_l2a_Valkaama,1789834999.01,0.1047,16897,19,0,35482140.8,0,4
CONT_s4_l2a_Valkaama,1789834999.115,0.1047,12271,13,0,46625889.2,0,3
CONT_s4_l2a_Valkaama,1789834999.219,0.1047,15260,15,0,35682254.0,0,2
CONT_s4_l2a_Valkaama,1789834999.324,0.1047,15260,15,0,28020985.0,0,2
CONT_s4_l2a_Valkaama,1789834999.429,0.1049,15260,15,0,23210751.3,0,2
CONT_s4_l2a_Valkaama,1789834999.534,0.1047,15260,15,0,20112934.0,0,2
CONT_s4_l2a_Valkaama,1789834999.638,0.1047,15260,15,0,18079270.3,0,2
CONT_s4_l2a_Valkaama,1789834999.743,0.1047,15260,15,0,16706220.7,0,2
CONT_s4_l2a_Valkaama,1789834999.849,0.1054,12208,12,0,15941640.0,0,2
CONT_s4_l2a_Valkaama,1789834999.955,0.106,15260,15,0,15237104.3,0,2
CONT_s4_l2a_Valkaama,1789835000.059,0.1046,15260,15,0,14757242.3,0,2
CONT_s4_l2a_Valkaama,1789835000.164,0.1047,15260,15,0,14413610.0,0,2
CONT_s4_l2a_Valkaama,1789835000.269,0.1047,15401,16,0,13526623.1,0,3
CONT_s4_l2a_Valkaama,1789835000.373,0.1046,15260,15,0,14000733.3,0,2
CONT_s4_l2a_Valkaama,1789835000.478,0.1046,15260,15,0,13873056.3,0,2
CONT_s4_l2a_Valkaama,1789835000.583,0.1048,12208,12,0,13801528.0,0,2
CONT_s4_l2a_Valkaama,1789835000.687,0.1047,15260,15,0,13731623.7,0,2
CONT_s4_l2a_Valkaama,1789835000.792,0.1046,15260,15,0,13679992.7,0,2
CONT_s4_l2a_Valkaama,1789835000.897,0.1047,15260,15,0,13637114.0,0,2
CONT_s4_l2a_Valkaama,1789835001.002,0.1048,15260,15,0,13622011.7,0,2
CONT_s4_l2a_Valkaama,1789835001.106,0.1048,6801,9,0,78846339.7,0,4
CONT_s4_l2a_Valkaama,1789835001.211,0.1048,20856,17,0,104986359.8,0,4
CONT_s4_l2a_Valkaama,1789835001.316,0.105,15011,15,0,115052674.3,0,2
CONT_s4_l2a_Valkaama,1789835001.421,0.1052,16963,19,0,66810734.7,0,4
CONT_s4_l2a_Valkaama,1789835001.526,0.1047,10644,11,0,58578340.9,0,4
CONT_s4_l2a_Valkaama,1789835001.631,0.1047,19392,16,0,47457858.2,0,4
CONT_s4_l2a_Valkaama,1789835001.735,0.1047,13469,12,0,49817186.9,0,4
CONT_s4_l2a_Valkaama,1789835001.84,0.1047,13979,15,0,48591960.5,0,4
CONT_s4_l2a_Valkaama,1789835001.946,0.1061,12312,15,0,51668404.3,0,4
CONT_s4_l2a_Valkaama,1789835002.051,0.1047,17982,16,0,41852461.4,0,4
CONT_s4_l2a_Valkaama,1789835002.155,0.1046,14967,14,0,33151294.2,0,5
CONT_s4_l2a_Valkaama,1789835002.26,0.1048,4877,6,0,47115606.3,0,3
CONT_s4_l2a_Valkaama,1789835002.365,0.1047,18638,18,0,26646246.1,0,6
CONT_s4_l2a_Valkaama,1789835002.47,0.1048,20209,23,0,21412406.1,0,4
CONT_s4_l2a_Valkaama,1789835002.575,0.1049,16127,14,0,22048411.0,0,3
CONT_s4_l2a_Valkaama,1789835002.68,0.1049,15130,19,0,30039313.6,0,4
CONT_s4_l2a_Valkaama,1789835002.785,0.105,15052,14,0,27437983.7,0,4
CONT_s4_l2a_Valkaama,1789835002.889,0.1047,13473,13,0,23183384.6,0,2
CONT_s4_l2a_Valkaama,1789835002.994,0.1048,13701,15,0,31800429.6,0,4
CONT_s4_l2a_Valkaama,1789835003.099,0.105,18317,18,0,29288674.8,0,4
CONT_s4_l2a_Valkaama,1789835003.204,0.1051,13771,16,0,34410424.4,0,4
CONT_s4_l2a_Valkaama,1789835003.309,0.1049,13464,12,0,29538304.2,0,4
CONT_s4_l2a_Valkaama,1789835003.414,0.105,17074,20,0,36489603.8,0,4
CONT_s4_l2a_Valkaama,1789835003.519,0.1048,12208,12,0,32076365.3,0,2
CONT_s4_l2a_Valkaama,1789835003.624,0.105,15260,15,0,25552818.0,0,2
CONT_s4_l2a_Valkaama,1789835003.729,0.1049,15260,15,0,21498229.3,0,2
CONT_s4_l2a_Valkaama,1789835003.836,0.1074,15260,15,0,18929439.0,0,2
CONT_s4_l2a_Valkaama,1789835003.942,0.1057,15260,15,0,17253140.7,0,2
CONT_s4_l2a_Valkaama,1789835004.047,0.1049,15260,15,0,16131162.7,0,2
CONT_s4_l2a_Valkaama,1789835004.152,0.1049,15260,15,0,15363580.7,0,2
CONT_s4_l2a_Valkaama,1789835004.256,0.1049,15260,15,0,14830400.0,0,2
CONT_s4_l2a_Valkaama,1789835004.361,0.1048,12349,13,0,13762522.1,0,3
CONT_s4_l2a_Valkaama,1789835004.466,0.1049,15260,15,0,14251051.3,0,2
CONT_s4_l2a_Valkaama,1789835004.571,0.1051,15260,15,0,14069669.7,0,2
CONT_s4_l2a_Valkaama,1789835004.676,0.1049,15260,15,0,13922101.3,0,2
CONT_s4_l2a_Valkaama,1789835004.781,0.105,15260,15,0,13813178.7,0,2
CONT_s4_l2a_Valkaama,1789835004.886,0.1048,15707,16,0,19680209.8,0,3
CONT_s4_l2a_Valkaama,1789835004.991,0.1048,3302,5,0,67409380.6,0,4
CONT_s4_l2a_Valkaama,1789835005.096,0.105,19388,16,0,85027425.7,0,4
CONT_s4_l2a_Valkaama,1789835005.2,0.1049,20856,17,0,63100393.5,0,4
CONT_s4_l2a_Valkaama,1789835005.305,0.1048,15128,14,0,58735463.9,0,2
CONT_s4_l2a_Valkaama,1789835005.41,0.105,13834,17,0,65465590.0,0,4
CONT_s4_l2a_Valkaama,1789835005.515,0.1049,16519,15,0,45668225.9,0,4
CONT_s4_l2a_Valkaama,1789835005.62,0.1049,14131,18,0,50096343.7,0,4
CONT_s4_l2a_Valkaama,1789835005.725,0.1052,15057,14,0,42310563.9,0,4
CONT_s4_l2a_Valkaama,1789835005.833,0.1075,13599,14,0,39336300.5,0,4
CONT_s4_l2a_Valkaama,1789835005.938,0.1053,15522,18,0,39457383.9,0,4
CONT_s4_l2a_Valkaama,1789835006.043,0.105,15057,15,0,31533177.9,0,4
CONT_s4_l2a_Valkaama,1789835006.148,0.105,13643,14,0,39140842.1,0,4
CONT_s4_l2a_Valkaama,1789835006.253,0.1049,12045,11,0,41124501.4,0,4
CONT_s4_l2a_Valkaama,1789835006.358,0.1048,18083,17,0,31064865.2,0,5
CONT_s4_l2a_Valkaama,1789835006.463,0.105,9405,11,0,34825820.2,0,4
CONT_s4_l2a_Valkaama,1789835006.568,0.105,21113,21,0,35995808.1,0,4
CONT_s4_l2a_Valkaama,1789835006.673,0.105,15108,15,0,37467754.5,0,4
CONT_s4_l2a_Valkaama,1789835006.778,0.1052,13857,16,0,42597136.4,0,4
CONT_s4_l2a_Valkaama,1789835006.883,0.1049,15260,15,0,35295821.7,0,2
CONT_s4_l2a_Valkaama,1789835006.988,0.105,15260,15,0,27513119.7,0,2
CONT_s4_l2a_Valkaama,1789835007.093,0.1048,15260,15,0,22726920.0,0,2
CONT_s4_l2a_Valkaama,1789835007.198,0.1049,15260,15,0,19706659.3,0,2
CONT_s4_l2a_Valkaama,1789835007.303,0.1051,12208,12,0,18077064.7,0,2
CONT_s4_l2a_Valkaama,1789835007.408,0.1051,15260,15,0,16672125.0,0,2
CONT_s4_l2a_Valkaama,1789835007.513,0.1051,15260,15,0,15740130.0,0,2
CONT_s4_l2a_Valkaama,1789835007.618,0.1049,15260,15,0,15093360.3,0,2
CONT_s4_l2a_Valkaama,1789835007.723,0.105,15260,15,0,14647484.0,0,2
CONT_s4_l2a_Valkaama,1789835007.83,0.1067,15260,15,0,14351754.7,0,2
CONT_s4_l2a_Valkaama,1789835007.935,0.1052,15260,15,0,14125118.0,0,2
CONT_s4_l2a_Valkaama,1789835008.04,0.1049,15260,15,0,13968162.3,0,2
CONT_s4_l2a_Valkaama,1789835008.145,0.105,12208,12,0,13874230.3,0,2
CONT_s4_l2a_Valkaama,1789835008.25,0.1051,15260,15,0,13810356.0,0,2
CONT_s4_l2a_Valkaama,1789835008.355,0.1049,15401,16,0,13150959.6,0,3
CONT_s4_l2a_Valkaama,1789835008.46,0.105,15260,15,0,13688120.0,0,2
CONT_s4_l2a_Valkaama,1789835008.565,0.1051,15260,15,0,13644371.0,0,2
CONT_s4_l2a_Valkaama,1789835008.67,0.105,15260,15,0,13612491.3,0,2
CONT_s4_l2a_Valkaama,1789835008.775,0.105,15208,14,0,14548844.9,0,2
CONT_s4_l2a_Valkaama,1789835008.88,0.1049,12260,13,0,12553650.8,0,2
CONT_s4_l2a_Valkaama,1789835008.985,0.1051,15260,15,0,13573503.0,0,2
CONT_s4_l2a_Valkaama,1789835009.09,0.105,15260,15,0,13562530.0,0,2
CONT_s4_l2a_Valkaama,1789835009.195,0.105,15260,15,0,13559038.7,0,2
CONT_s4_l2a_Valkaama,1789835009.3,0.1052,12904,15,0,62608461.5,0,4
CONT_s4_l2a_Valkaama,1789835009.405,0.1051,17919,15,0,131741590.0,0,4
CONT_s4_l2a_Valkaama,1789835009.51,0.1049,13284,10,0,134152853.8,0,2
CONT_s4_l2a_Valkaama,1789835009.615,0.105,15293,15,0,71831202.7,0,4
CONT_s4_l2a_Valkaama,1789835009.72,0.1049,12106,12,0,79827255.7,0,4
CONT_s4_l2a_Valkaama,1789835009.825,0.1051,12236,14,0,86088160.3,0,4
CONT_s4_l2a_Valkaama,1789835009.93,0.105,17920,15,0,52512341.0,0,4
CONT_s4_l2a_Valkaama,1789835010.035,0.1049,16739,16,0,51389888.7,0,4
CONT_s4_l2a_Valkaama,1789835010.14,0.1049,14804,11,0,33706163.9,0,3
CONT_s4_l2a_Valkaama,1789835010.245,0.105,15294,17,0,68586403.9,0,4
CONT_s4_l2a_Valkaama,1789835010.35,0.1048,13814,16,0,57734002.4,0,5
CONT_s4_l2a_Valkaama,1789835010.455,0.1057,16972,19,0,47804948.7,0,4
CONT_s4_l2a_Valkaama,1789835010.56,0.1051,13534,12,0,47515330.5,0,3
CONT_s4_l2a_Valkaama,1789835010.665,0.1049,15004,15,0,32655097.0,0,2
CONT_s4_l2a_Valkaama,1789835010.77,0.105,13815,15,0,25639180.1,0,2
CONT_s4_l2a_Valkaama,1789835010.875,0.1048,11656,17,0,22660216.0,0,2
CONT_s4_l2a_Valkaama,1789835010.98,0.1049,0,0,0,0,0,0
CONT_s4_l2a_Valkaama,1789835011.085,0.105,0,0,0,0,0,0
CONT_s4_l2a_Valkaama,1789835011.19,0.1049,0,0,0,0,0,0
CONT_s4_l2a_Valkaama,1789835011.295,0.105,0,0,0,0,0,0
CONT_s4_l2a_Valkaama,1789835011.4,0.1051,0,0,0,0,0,0
CONT_s4_l2a_Valkaama,1789835011.505,0.1049,0,0,0,0,0,0
CONT_s4_l2a_Valkaama,1789835011.61,0.1049,0,0,0,0,0,0
CONT_s4_l2a_Valkaama,1789835011.715,0.1049,0,0,0,0,0,0
CONT_s4_l2a_Valkaama,1789835011.82,0.1051,0,0,0,0,0,0
CONT_s4_l2a_Valkaama,1789835011.925,0.1051,0,0,0,0,0,0
CONT_s4_l2a_Valkaama,1789835012.03,0.1049,0,0,0,0,0,0
CONT_s4_l2a_Valkaama,1789835012.135,0.1049,0,0,0,0,0,0
CONT_s4_l2a_Valkaama,1789835012.24,0.105,0,0,0,0,0,0
CONT_s4_l2a_Valkaama,1789835012.344,0.1049,141,1,0,4033751.0,0,1
CONT_s4_l2a_Valkaama,1789835012.452,0.1072,0,0,0,0,0,0
CONT_s4_l2a_Valkaama,1789835012.557,0.1051,0,0,0,0,0,0
CONT_s4_l2a_Valkaama,1789835012.662,0.1049,0,0,0,0,0,0
CONT_s4_l2a_Valkaama,1789835012.767,0.105,0,0,0,0,0,0
CONT_s4_l2a_Valkaama,1789835012.872,0.1049,0,0,0,0,0,0
CONT_s4_l2a_Valkaama,1789835012.976,0.1049,0,0,0,0,0,0
CONT_s4_l2a_Valkaama,1789835013.081,0.1049,0,0,0,0,0,0
CONT_s4_l2a_Valkaama,1789835013.186,0.1048,0,0,0,0,0,0
CONT_s4_l2a_Valkaama,1789835013.291,0.1049,0,0,0,0,0,0
CONT_s4_l2a_Valkaama,1789835013.396,0.105,0,0,0,0,0,0
CONT_s4_l2a_Valkaama,1789835013.501,0.1049,0,0,0,0,0,0
CONT_s4_l2a_Valkaama,1789835013.606,0.1049,0,0,0,0,0,0
CONT_s4_l2a_Valkaama,1789835013.711,0.1051,0,0,0,0,0,0
CONT_s4_l2a_Valkaama,1789835013.816,0.1049,0,0,0,0,0,0
CONT_s4_l2a_Valkaama,1789835013.921,0.1051,0,0,0,0,0,0
CONT_s4_l2a_Valkaama,1789835014.026,0.105,0,0,0,0,0,0
CONT_s4_l2a_Valkaama,1789835014.131,0.1049,0,0,0,0,0,0
CONT_s4_l2a_Valkaama,1789835014.236,0.1048,0,0,0,0,0,0
CONT_s4_l2a_Valkaama,1789835014.341,0.1053,141,1,0,4028415.0,0,1
CONT_s4_l2a_Valkaama,1789835014.449,0.1079,0,0,0,0,0,0
CONT_s4_l2a_Valkaama,1789835014.554,0.105,0,0,0,0,0,0
CONT_s4_l2a_Valkaama,1789835014.659,0.1048,0,0,0,0,0,0
CONT_s4_l2a_Valkaama,1789835014.763,0.1048,0,0,0,0,0,0
CONT_s4_l2a_Valkaama,1789835014.868,0.1049,0,0,0,0,0,0
CONT_s4_l2a_Valkaama,1789835014.973,0.1049,0,0,0,0,0,0
CONT_s4_l2a_Valkaama,1789835015.078,0.1049,0,0,0,0,0,0
CONT_s4_l2a_Valkaama,1789835015.183,0.1048,0,0,0,0,0,0
CONT_s4_l2a_Valkaama,1789835015.288,0.105,0,0,0,0,0,0
CONT_s4_l2a_Valkaama,1789835015.393,0.1049,0,0,0,0,0,0
CONT_s4_l2a_Valkaama,1789835015.498,0.105,0,0,0,0,0,0
CONT_s4_l2a_Valkaama,1789835015.603,0.1049,0,0,0,0,0,0
CONT_s4_l2a_Valkaama,1789835015.708,0.105,0,0,0,0,0,0
CONT_s4_l2a_Valkaama,1789835015.813,0.1048,0,0,0,0,0,0
CONT_s4_l2a_Valkaama,1789835015.918,0.1051,0,0,0,0,0,0
CONT_s4_l2a_Valkaama,1789835016.023,0.1049,0,0,0,0,0,0
CONT_s4_l2a_Valkaama,1789835016.127,0.1048,0,0,0,0,0,0
CONT_s4_l2a_Valkaama,1789835016.232,0.1051,0,0,0,0,0,0
CONT_s4_l2a_Valkaama,1789835016.338,0.1052,141,1,0,3781323.0,0,1
CONT_s4_l2a_Valkaama,1789835016.444,0.1066,0,0,0,0,0,0
CONT_s4_l2a_Valkaama,1789835016.549,0.1049,0,0,0,0,0,0
CONT_s4_l2a_Valkaama,1789835016.654,0.1049,0,0,0,0,0,0
CONT_s4_l2a_Valkaama,1789835016.759,0.105,0,0,0,0,0,0
CONT_s4_l2a_Valkaama,1789835016.864,0.105,0,0,0,0,0,0
CONT_s4_l2a_Valkaama,1789835016.969,0.105,0,0,0,0,0,0
CONT_s4_l2a_Valkaama,1789835017.074,0.105,0,0,0,0,0,0
CONT_s4_l2a_Valkaama,1789835017.179,0.1049,0,0,0,0,0,0
CONT_s4_l2a_Valkaama,1789835017.284,0.105,0,0,0,0,0,0
CONT_s4_l2a_Valkaama,1789835017.389,0.1049,0,0,0,0,0,0
CONT_s4_l2a_Valkaama,1789835017.494,0.1049,0,0,0,0,0,0
CONT_s4_l2a_Valkaama,1789835017.599,0.1048,0,0,0,0,0,0
CONT_s4_l2a_Valkaama,1789835017.703,0.1049,0,0,0,0,0,0
CONT_s4_l2a_Valkaama,1789835017.808,0.105,0,0,0,0,0,0
CONT_s4_l2a_Valkaama,1789835017.914,0.1051,0,0,0,0,0,0
CONT_s4_l2a_Valkaama,1789835018.019,0.105,0,0,0,0,0,0
CONT_s4_l2a_Valkaama,1789835018.123,0.105,0,0,0,0,0,0
CONT_s4_l2a_Valkaama,1789835018.228,0.1049,0,0,0,0,0,0
CONT_s4_l2a_Valkaama,1789835018.336,0.1076,141,1,0,3561945.0,0,1
CONT_s4_l2a_Valkaama,1789835018.442,0.1062,0,0,0,0,0,0
CONT_s4_l2a_Valkaama,1789835018.547,0.1049,0,0,0,0,0,0
CONT_s4_l2a_Valkaama,1789835018.652,0.1049,0,0,0,0,0,0
CONT_s4_l2a_Valkaama,1789835018.757,0.1051,0,0,0,0,0,0
CONT_s4_l2a_Valkaama,1789835018.862,0.1048,0,0,0,0,0,0
CONT_s4_l2a_Valkaama,1789835018.967,0.1049,0,0,0,0,0,0
CONT_s4_l2a_Valkaama,1789835019.072,0.1051,0,0,0,0,0,0
CONT_s4_l2a_Valkaama,1789835019.177,0.1049,0,0,0,0,0,0
CONT_s4_l2a_Valkaama,1789835019.282,0.105,0,0,0,0,0,0
CONT_s4_l2a_Valkaama,1789835019.387,0.1049,0,0,0,0,0,0
CONT_s4_l2a_Valkaama,1789835019.492,0.105,0,0,0,0,0,0
CONT_s4_l2a_Valkaama,1789835019.596,0.1049,0,0,0,0,0,0
CONT_s4_l2a_Valkaama,1789835019.701,0.1049,0,0,0,0,0,0
CONT_s4_l2a_Valkaama,1789835019.807,0.1053,0,0,0,0,0,0
CONT_s4_l2a_Valkaama,1789835019.912,0.1051,0,0,0,0,0,0
CONT_s4_l2a_Valkaama,1789835020.017,0.105,0,0,0,0,0,0
CONT_s4_l2a_Valkaama,1789835020.122,0.1049,0,0,0,0,0,0
CONT_s4_l2a_Valkaama,1789835020.227,0.1054,0,0,0,0,0,0
CONT_s4_l2a_Valkaama,1789835020.335,0.1078,141,1,0,3403837.0,0,1
CONT_s4_l2a_Valkaama,1789835020.441,0.106,0,0,0,0,0,0
CONT_s4_l2a_Valkaama,1789835020.546,0.1049,0,0,0,0,0,0
CONT_s4_l2a_Valkaama,1789835020.651,0.105,0,0,0,0,0,0
CONT_s4_l2a_Valkaama,1789835020.756,0.105,0,0,0,0,0,0
CONT_s4_l2a_Valkaama,1789835020.861,0.1049,0,0,0,0,0,0
CONT_s4_l2a_Valkaama,1789835020.966,0.1049,0,0,0,0,0,0
CONT_s4_l2a_Valkaama,1789835021.071,0.1051,0,0,0,0,0,0
CONT_s4_l2a_Valkaama,1789835021.175,0.1049,0,0,0,0,0,0
CONT_s4_l2a_Valkaama,1789835021.28,0.1049,0,0,0,0,0,0
CONT_s4_l2a_Valkaama,1789835021.385,0.105,0,0,0,0,0,0
CONT_s4_l2a_Valkaama,1789835021.49,0.1049,0,0,0,0,0,0
CONT_s4_l2a_Valkaama,1789835021.595,0.105,0,0,0,0,0,0
CONT_s4_l2a_Valkaama,1789835021.7,0.1049,0,0,0,0,0,0
CONT_s4_l2a_Valkaama,1789835021.805,0.105,0,0,0,0,0,0
CONT_s4_l2a_Valkaama,1789835021.91,0.1051,0,0,0,0,0,0
CONT_s4_l2a_Valkaama,1789835022.015,0.105,0,0,0,0,0,0
CONT_s4_l2a_Valkaama,1789835022.12,0.105,0,0,0,0,0,0
CONT_s4_l2a_Valkaama,1789835022.225,0.105,0,0,0,0,0,0
CONT_s4_l2a_Valkaama,1789835022.335,0.1096,141,1,0,3942210.0,0,1
CONT_s4_l2a_Valkaama,1789835022.44,0.1055,0,0,0,0,0,0
CONT_s4_l2a_Valkaama,1789835022.545,0.105,0,0,0,0,0,0
CONT_s4_l2a_Valkaama,1789835022.651,0.1052,0,0,0,0,0,0
CONT_s4_l2a_Valkaama,1789835022.756,0.1052,0,0,0,0,0,0
CONT_s4_l2a_Valkaama,1789835022.861,0.1049,0,0,0,0,0,0
CONT_s4_l2a_Valkaama,1789835022.966,0.105,0,0,0,0,0,0
CONT_s4_l2a_Valkaama,1789835023.071,0.105,0,0,0,0,0,0
CONT_s4_l2a_Valkaama,1789835023.175,0.1049,0,0,0,0,0,0
CONT_s4_l2a_Valkaama,1789835023.281,0.105,0,0,0,0,0,0
CONT_s4_l2a_Valkaama,1789835023.386,0.1051,0,0,0,0,0,0
CONT_s4_l2a_Valkaama,1789835023.491,0.105,0,0,0,0,0,0
CONT_s4_l2a_Valkaama,1789835023.596,0.1051,0,0,0,0,0,0
CONT_s4_l2a_Valkaama,1789835023.701,0.105,0,0,0,0,0,0
CONT_s4_l2a_Valkaama,1789835023.806,0.105,0,0,0,0,0,0
CONT_s4_l2a_Valkaama,1789835023.911,0.1051,0,0,0,0,0,0
CONT_s4_l2a_Valkaama,1789835024.016,0.105,0,0,0,0,0,0
CONT_s4_l2a_Valkaama,1789835024.121,0.1049,0,0,0,0,0,0
CONT_s4_l2a_Valkaama,1789835024.225,0.1049,0,0,0,0,0,0
CONT_s4_l2a_Valkaama,1789835024.333,0.1079,141,1,0,4174500.0,0,1
CONT_s4_l2a_Valkaama,1789835024.438,0.105,0,0,0,0,0,0
CONT_s4_l2a_Valkaama,1789835024.543,0.105,0,0,0,0,0,0
CONT_s4_l2a_Valkaama,1789835024.648,0.1049,0,0,0,0,0,0
CONT_s4_l2a_Valkaama,1789835024.753,0.105,0,0,0,0,0,0
CONT_s4_l2a_Valkaama,1789835024.858,0.1049,0,0,0,0,0,0
CONT_s4_l2a_Valkaama,1789835024.963,0.1049,0,0,0,0,0,0
CONT_s4_l2a_Valkaama,1789835025.068,0.1051,0,0,0,0,0,0
CONT_s4_l2a_Valkaama,1789835025.173,0.105,0,0,0,0,0,0
CONT_s4_l2a_Valkaama,1789835025.278,0.1049,0,0,0,0,0,0
CONT_s4_l2a_Valkaama,1789835025.383,0.1049,0,0,0,0,0,0
CONT_s4_l2a_Valkaama,1789835025.488,0.105,0,0,0,0,0,0
CONT_s4_l2a_Valkaama,1789835025.593,0.105,0,0,0,0,0,0
CONT_s4_l2a_Valkaama,1789835025.698,0.1049,0,0,0,0,0,0
CONT_s4_l2a_Valkaama,1789835025.803,0.105,0,0,0,0,0,0
CONT_s4_l2a_Valkaama,1789835025.908,0.1051,0,0,0,0,0,0
CONT_s4_l2a_Valkaama,1789835026.013,0.105,0,0,0,0,0,0
CONT_s4_l2a_Valkaama,1789835026.118,0.105,0,0,0,0,0,0
CONT_s4_l2a_Valkaama,1789835026.223,0.105,0,0,0,0,0,0
CONT_s4_l2a_Valkaama,1789835026.332,0.1093,141,1,0,4006591.0,0,1
CONT_s4_l2a_Valkaama,1789835026.437,0.1049,0,0,0,0,0,0
CONT_s4_l2a_Valkaama,1789835026.542,0.105,0,0,0,0,0,0
CONT_s4_l2a_Valkaama,1789835026.647,0.1049,0,0,0,0,0,0
CONT_s4_l2a_Valkaama,1789835026.752,0.105,0,0,0,0,0,0
CONT_s4_l2a_Valkaama,1789835026.857,0.1049,0,0,0,0,0,0
CONT_s4_l2a_Valkaama,1789835026.962,0.105,0,0,0,0,0,0
CONT_s4_l2a_Valkaama,1789835027.067,0.1049,0,0,0,0,0,0
CONT_s4_l2a_Valkaama,1789835027.172,0.1049,0,0,0,0,0,0
CONT_s4_l2a_Valkaama,1789835027.277,0.1051,0,0,0,0,0,0
CONT_s4_l2a_Valkaama,1789835027.382,0.1048,0,0,0,0,0,0
CONT_s4_l2a_Valkaama,1789835027.487,0.105,0,0,0,0,0,0
CONT_s4_l2a_Valkaama,1789835027.592,0.105,0,0,0,0,0,0
CONT_s4_l2a_Valkaama,1789835027.697,0.105,0,0,0,0,0,0
CONT_s4_l2a_Valkaama,1789835027.801,0.1049,0,0,0,0,0,0
CONT_s4_l2a_Valkaama,1789835027.906,0.1049,0,0,0,0,0,0
CONT_s4_l2a_Valkaama,1789835028.011,0.105,0,0,0,0,0,0
CONT_s4_l2a_Valkaama,1789835028.116,0.1048,0,0,0,0,0,0
CONT_s4_l2a_Valkaama,1789835028.221,0.105,0,0,0,0,0,0
CONT_s4_l2a_Valkaama,1789835028.326,0.1049,0,0,0,0,0,0
CONT_s4_l2a_Valkaama,1789835028.432,0.1061,141,1,0,3757746.0,0,1
CONT_s4_l2a_Valkaama,1789835028.537,0.105,0,0,0,0,0,0
CONT_s4_l2a_Valkaama,1789835028.642,0.105,0,0,0,0,0,0
CONT_s4_l2a_Valkaama,1789835028.747,0.105,0,0,0,0,0,0
CONT_s4_l2a_Valkaama,1789835028.852,0.1049,0,0,0,0,0,0
CONT_s4_l2a_Valkaama,1789835028.958,0.1055,0,0,0,0,0,0
CONT_s4_l2a_Valkaama,1789835029.063,0.1051,0,0,0,0,0,0
CONT_s4_l2a_Valkaama,1789835029.168,0.105,0,0,0,0,0,0
CONT_s4_l2a_Valkaama,1789835029.273,0.105,0,0,0,0,0,0
CONT_s4_l2a_Valkaama,1789835029.378,0.1051,0,0,0,0,0,0
CONT_s4_l2a_Valkaama,1789835029.483,0.105,0,0,0,0,0,0
CONT_s4_l2a_Valkaama,1789835029.588,0.1051,0,0,0,0,0,0
CONT_s4_l2a_Valkaama,1789835029.693,0.1049,0,0,0,0,0,0
CONT_s4_l2a_Valkaama,1789835029.798,0.1048,0,0,0,0,0,0
CONT_s4_l2a_Valkaama,1789835029.903,0.1051,0,0,0,0,0,0
CONT_s4_l2a_Valkaama,1789835030.008,0.105,0,0,0,0,0,0
CONT_s4_l2a_Valkaama,1789835030.113,0.1049,0,0,0,0,0,0
CONT_s4_l2a_Valkaama,1789835030.218,0.1048,0,0,0,0,0,0
CONT_s4_l2a_Valkaama,1789835030.323,0.1054,0,0,0,0,0,0
CONT_s4_l2a_Valkaama,1789835030.428,0.105,141,1,0,3611903.0,0,1
CONT_s4_l2a_Valkaama,1789835030.533,0.105,0,0,0,0,0,0
CONT_s4_l2a_Valkaama,1789835030.638,0.1049,0,0,0,0,0,0
CONT_s4_l2a_Valkaama,1789835030.743,0.105,0,0,0,0,0,0
CONT_s4_l2a_Valkaama,1789835030.848,0.1049,0,0,0,0,0,0
CONT_s4_l2a_Valkaama,1789835030.954,0.1066,0,0,0,0,0,0
CONT_s4_l2a_Valkaama,1789835031.059,0.1051,0,0,0,0,0,0
CONT_s4_l2a_Valkaama,1789835031.164,0.105,0,0,0,0,0,0
CONT_s4_l2a_Valkaama,1789835031.269,0.105,0,0,0,0,0,0
CONT_s4_l2a_Valkaama,1789835031.374,0.1049,0,0,0,0,0,0
CONT_s4_l2a_Valkaama,1789835031.479,0.105,0,0,0,0,0,0
CONT_s4_l2a_Valkaama,1789835031.584,0.105,0,0,0,0,0,0
CONT_s4_l2a_Valkaama,1789835031.689,0.1049,0,0,0,0,0,0
CONT_s4_l2a_Valkaama,1789835031.794,0.105,0,0,0,0,0,0
